{
"l" : 20,
"L" : 200,
"th" : [0.25, 0.25, 1],
"q" : [2.],
"V1" : 0.7071067811865475,
"V2" : 0.7071067811865475,
"W" : [4., 4., 1],
"E_num" : 10,
"start_E_ind" : 1,
"end_E_ind" : 10,
"seed" : 1134,
"R" : 100,
"nev" : 50
"bw_auto" : true
}
