{
"l" : 4,
"L" : 40,
"th" : [0.01, 0.01, 1],
"q" : [2.],
"V1" : 1.,
"V2" : 0.5,
"W" : [0., 0., 1],
"E_c" : [0.001, 0.00195, 20],
"E_del" : 0.00002,
"seed" : 1234,
"R" : 1000
}
