E,r,q2
0.0988403178926,1,0.00565859028882
0.0988403178926,1,0.00565858999426
0.0988467310241,1,0.00549310838269
0.0988467310241,1,0.00549310618656
0.0988322973442,1,0.00585529930137
0.0988322973442,1,0.00585528313242
0.0988545614306,1,0.00547959920926
0.0988545614306,1,0.00547959653567
0.0988615877282,1,0.00553359608047
0.0988615877282,1,0.00553359317856
0.0988208960971,1,0.00555839924703
0.0988208960971,1,0.00555838051873
0.0988143912751,1,0.00554091410309
0.0988143912751,1,0.00554054500385
0.0988715587799,1,0.00574393843351
0.0988715587799,1,0.00574393297298
0.0988079597836,1,0.00559880350156
0.0988079597836,1,0.00559898522048
0.0988800472596,1,0.00583104371224
0.0988800472596,1,0.00583097591276
0.0987995373307,1,0.00604996122036
0.0987995373307,1,0.00605002533923
0.0988898229014,1,0.0057910276291
0.0988898229014,1,0.00579104494428
0.0987910924838,1,0.00591546086166
0.0987910924838,1,0.00591544760138
0.0988959962257,1,0.00561574413871
0.0988959962257,1,0.00561591503251
0.0987853006978,1,0.00574158518999
0.0987853006978,1,0.00574170367603
0.0989025623308,1,0.00606418714752
0.0989025623308,1,0.0060641638559
0.0987716670356,1,0.00573589816944
0.0987716670356,1,0.00573601818405
0.0989146020952,1,0.00569296503034
0.0989146020952,1,0.00569300349629
0.0987669160909,1,0.00617886784491
0.0987669160909,1,0.00617880504291
0.0989243407212,1,0.00581851771594
0.0989243407212,1,0.00581857936568
0.0987559032112,1,0.00581551655962
0.0987559032112,1,0.00581555664464
0.0989306479136,1,0.00564168124928
0.0989306479136,1,0.00564176919153
0.0987504933524,1,0.00586401892702
0.0987504933524,1,0.00586405700005
0.0989374828502,1,0.00594023616401
0.0989374828502,1,0.0059401848681
0.0987416974578,1,0.0061254276867
0.0987416974578,1,0.00612533252178
0.0989472735213,1,0.00547056879993
0.0989472735213,1,0.00547043413389
0.0987298306003,1,0.00552104058121
0.0987298306003,1,0.00552113779365
0.0989566335393,1,0.00595237550854
0.0989566335393,1,0.00595236139489
0.0987238089345,1,0.00561273261637
0.0987238089345,1,0.00561286192247
0.0989655086725,1,0.00537328015673
0.0989655086725,1,0.00537323457071
0.0987163369075,1,0.00567586671973
0.0987163369075,1,0.00567574375571
0.0989705242146,1,0.00579440316893
0.0989705242146,1,0.00579408689042
0.0987078592937,1,0.00571824820685
0.0987078592937,1,0.00571831592229
0.0989870061413,1,0.00561332942841
0.0989870061413,1,0.005613316567
0.0986951963883,1,0.00562965120813
0.0986951963883,1,0.00562976216745
0.0989907403803,1,0.00549055247368
0.0989907403803,1,0.00549020387851
0.0986881297746,1,0.00566076251184
0.0986881297746,1,0.00566077111616
0.0990006508839,1,0.00553992802851
0.0990006508839,1,0.00553984964848
0.0986825326862,1,0.00556118712815
0.0986825326862,1,0.00556118326042
0.0990073911159,1,0.00582479829814
0.0990073911159,1,0.0058247828
0.0986743481594,1,0.0055244250237
0.0986743481594,1,0.0055243572802
0.0986662907827,1,0.00543811240557
0.0986662907827,1,0.00543808924138
0.0990197952373,1,0.00587131677113
0.0990197952373,1,0.00587131416714
0.0990246325033,1,0.00551419282974
0.0990246325033,1,0.00551423639586
0.0986587962655,1,0.00566397491685
0.0986587962655,1,0.00566393660688
0.0986486074898,1,0.0055917609301
0.0986486074898,1,0.0055917695212
0.099038002972,1,0.00539166842099
0.099038002972,1,0.00539180575607
0.0986433770911,1,0.00554679710839
0.0986433770911,1,0.005546690744
0.0990444396869,1,0.00570189855937
0.0990444396869,1,0.00570180455162
0.0986322442486,1,0.00552210539614
0.0986322442486,1,0.00552212075182
0.0990557011082,1,0.00555064841436
0.0990557011082,1,0.00555078536484
0.0990614239324,1,0.00564160378522
0.0990614239324,1,0.00564161391717
0.0986209677662,1,0.00549267766562
0.0986209677662,1,0.0054927425442
0.0986174918501,1,0.00562720296422
0.0986174918501,1,0.00562723245273
0.0990686611428,1,0.00570527357031
0.0990686611428,1,0.00570524501424
0.0990777531836,1,0.00567740502909
0.0990777531836,1,0.00567725625321
0.0986040790446,1,0.0055882133781
0.0986040790446,1,0.00558818025932
0.0990852967698,1,0.00586951530531
0.0990852967698,1,0.00586975865855
0.0985981099545,1,0.00563144438416
0.0985981099545,1,0.00563148800411
0.0985904615758,1,0.00566653141007
0.0985904615758,1,0.00566655324701
0.0990955325972,1,0.00570872580651
0.0990955325972,1,0.00570907000749
0.0985814381568,1,0.00621852151125
0.0985814381567,1,0.0062185373489
0.099105949733,1,0.00543339871554
0.099105949733,1,0.00543337236207
0.0985756369971,1,0.00597985842556
0.0985756369971,1,0.00597995196469
0.0991113036945,1,0.00582875612293
0.0991113036945,1,0.00582875306622
0.0991199549169,1,0.00574489778242
0.0991199549169,1,0.00574484067177
0.0985597107453,1,0.00571994537419
0.0985597107453,1,0.00571988593138
0.0991263525238,1,0.00548607448006
0.0991263525238,1,0.0054859977256
0.0985528826497,1,0.00561141949653
0.0985528826497,1,0.00561148948617
0.0991338707167,1,0.00580828870124
0.0991338707167,1,0.00580826718015
0.0991416107304,1,0.00577550825952
0.0991416107304,1,0.00577554414206
0.0985422474391,1,0.00592615767486
0.0985422474391,1,0.00592614517883
0.0985355410277,1,0.00584331819911
0.0985355410277,1,0.0058431580316
0.0991526785593,1,0.00576143542383
0.0991526785593,1,0.00576137220563
0.0985265552881,1,0.00565799690905
0.0985265552881,1,0.00565792769316
0.0991602425667,1,0.00573409184141
0.0991602425667,1,0.00573394644046
0.0985136523672,1,0.00601991498023
0.0985136523672,1,0.0060195196857
0.0991718863208,1,0.00550529883567
0.0991718863208,1,0.00550526986671
0.0985077658476,1,0.00562297983791
0.0985077658476,1,0.00562317294122
0.0991797242947,1,0.00617980651661
0.0991797242947,1,0.00617973965164
0.0985000563297,1,0.00609890040432
0.0985000563297,1,0.0060987358365
0.0991912554769,1,0.00580263246567
0.0991912554769,1,0.0058026374332
0.0984888217576,1,0.00549631362953
0.0984888217576,1,0.00549631890999
0.0992007363102,1,0.0056718546619
0.0992007363102,1,0.00567186131439
0.099205298275,1,0.00630035366722
0.099205298275,1,0.00630020167217
0.0984754820093,1,0.0054532436243
0.0984754820093,1,0.00545296861769
0.0984716473721,1,0.00563937946113
0.0984716473721,1,0.00563955907304
0.0992139719451,1,0.00563087895885
0.0992139719451,1,0.00563088485851
0.0984622321658,1,0.00545643992741
0.0984622321658,1,0.00545639068046
0.0992249404481,1,0.0054910752679
0.0992249404481,1,0.00549134434928
0.099232600393,1,0.00595549202073
0.099232600393,1,0.00595549097471
0.0984486391156,1,0.00594314893307
0.0984486391156,1,0.00594316759575
0.099240066558,1,0.00555499942551
0.099240066558,1,0.00555504554689
0.0984381878329,1,0.00568512206066
0.0984381878329,1,0.00568512903445
0.0992477155555,1,0.00539362108053
0.0992477155555,1,0.00539344664285
0.0984291754457,1,0.0064369465099
0.0984291754457,1,0.00643721086606
0.0992579855369,1,0.00563278576098
0.0992579855369,1,0.00563309734573
0.0984224647074,1,0.00622806743866
0.0984224647074,1,0.00622807653513
0.0992654876185,1,0.00573177315873
0.0992654876185,1,0.00573174851542
0.09841380456,1,0.00581425197177
0.09841380456,1,0.00581428119703
0.0992738744913,1,0.00540103773576
0.0992738744913,1,0.00540090911024
0.0992807751911,1,0.00568878998596
0.0992807751911,1,0.00568877954099
0.0984023860992,1,0.00567878956233
0.0984023860992,1,0.00567876831378
0.0992914143434,1,0.00647408345585
0.0992914143434,1,0.00647396381068
0.098391273902,1,0.00557222367855
0.098391273902,1,0.00557222885262
0.0992980344513,1,0.00561865264774
0.0992980344513,1,0.00561856402999
0.098386092803,1,0.0056403098364
0.098386092803,1,0.00564044941164
0.0983781389813,1,0.00581314762967
0.0983781389813,1,0.00581325625449
0.0993077639496,1,0.00577999542204
0.0993077639496,1,0.00578021042209
0.09931600502,1,0.00558784109179
0.09931600502,1,0.00558807039708
0.0983668466197,1,0.00558673026797
0.0983668466197,1,0.0055867655607
0.0993247157675,1,0.00564051967856
0.0993247157675,1,0.00564054711758
0.0983593865654,1,0.00541512500376
0.0983593865654,1,0.00541515170361
0.0993293406918,1,0.00548698361764
0.0993293406918,1,0.00548650434155
0.0983512269917,1,0.00542692348041
0.0983512269917,1,0.00542696451015
0.099343920967,1,0.00568575380727
0.099343920967,1,0.00568621482523
0.0983397980646,1,0.00568185594458
0.0983397980646,1,0.00568176582062
0.0983355099077,1,0.00553759328039
0.0983355099077,1,0.00553760531363
0.099350130414,1,0.0054115871856
0.099350130414,1,0.00541163476523
0.0993548865253,1,0.00578444251879
0.0993548865253,1,0.00578440435194
0.0983284228751,1,0.00582469338803
0.0983284228751,1,0.00582463721557
0.0993599780104,1,0.00556631121508
0.0993599780105,1,0.00556632527363
0.0983195680686,1,0.00543367592393
0.0983195680686,1,0.00543379084942
0.0983117931345,1,0.00606236094407
0.0983117931345,1,0.00606255814554
0.0993734971466,1,0.0057925133726
0.0993734971466,1,0.00579241501788
0.0983008633408,1,0.00570916127712
0.0983008633408,1,0.00570910035124
0.0993848998228,1,0.00531248439981
0.0993848998228,1,0.00531265589265
0.0982931033898,1,0.00567293475633
0.0982931033898,1,0.00567281938067
0.0993937334918,1,0.00576754928526
0.0993937334918,1,0.00576759619652
0.0993996258978,1,0.00548893475024
0.0993996258978,1,0.00548884931821
0.0982845828391,1,0.00556444095034
0.0982845828391,1,0.00556443471087
0.0982762451006,1,0.00579444977585
0.0982762451006,1,0.00579442596257
0.0994098928231,1,0.00553657530436
0.0994098928231,1,0.00553666971939
0.0982704622357,1,0.00601638609971
0.0982704622357,1,0.00601652527668
0.0994174021091,1,0.00587535872902
0.0994174021091,1,0.00587544671867
0.0982565191558,1,0.00574042697027
0.0982565191558,1,0.00574028438596
0.0994307442303,1,0.00559059327215
0.0994307442303,1,0.00559059711308
0.0982462730974,1,0.00556900948962
0.0982462730974,1,0.00556901154868
0.0994416775081,1,0.005478031705
0.0994416775081,1,0.00547800738662
0.0982383015759,1,0.00570753662898
0.0982383015759,1,0.0057075413895
0.0994480682022,1,0.00622336177518
0.0994480682022,1,0.00622384850536
0.0982348839769,1,0.00547412904775
0.0982348839769,1,0.00547391577745
0.0994539820687,1,0.00553925324004
0.0994539820687,1,0.00553926551724
0.0982279107465,1,0.00603293881245
0.0982279107465,1,0.0060326561928
0.099457551732,1,0.00573464669348
0.099457551732,1,0.00573489841889
0.0982155287122,1,0.00588280283813
0.0982155287122,1,0.00588291017013
0.0994692609815,1,0.00586985505466
0.0994692609815,1,0.00587000588927
0.0994766659901,1,0.00581799337879
0.0994766659901,1,0.00581819228127
0.0982054923404,1,0.00558928708241
0.0982054923404,1,0.00558901464795
0.0981966956741,1,0.00575694571041
0.0981966956741,1,0.00575674643903
0.0994912904004,1,0.00567979445174
0.0994912904004,1,0.0056798118094
0.0994967251822,1,0.00580087215882
0.0994967251822,1,0.00580089814348
0.0981841405847,1,0.00553455703518
0.0981841405847,1,0.00553464946017
0.0995034991327,1,0.00542104121361
0.0995034991327,1,0.0054210496186
0.0981782403008,1,0.00567464524399
0.0981782403008,1,0.00567461104768
0.0995143814407,1,0.00622885651203
0.0995143814407,1,0.00622886978361
0.0981691488067,1,0.00547683048043
0.0981691488067,1,0.00547679689168
0.0995226286202,1,0.00558726703354
0.0995226286202,1,0.00558739178748
0.0981598181401,1,0.0055437749798
0.0981598181401,1,0.00554380218768
0.09815608321,1,0.00567072562655
0.09815608321,1,0.00567041099341
0.099534051015,1,0.00567305417662
0.099534051015,1,0.00567301127131
0.0981454697297,1,0.00544737566298
0.0981454697297,1,0.00544731453232
0.0995406210038,1,0.00546177221413
0.0995406210038,1,0.00546180957096
0.0981380324668,1,0.00568352502524
0.0981380324668,1,0.00568339001518
0.0995509279891,1,0.00634978970412
0.0995509279891,1,0.00634987878753
0.098128941493,1,0.0054755510658
0.098128941493,1,0.00547562192533
0.0995627215183,1,0.00546597184579
0.0995627215183,1,0.00546595762224
0.09811981182,1,0.00548097334314
0.09811981182,1,0.0054811293038
0.0995718692976,1,0.00572276987316
0.0995718692976,1,0.00572285354065
0.098108400323,1,0.005732499648
0.098108400323,1,0.00573255089894
0.0995790329439,1,0.00596073524252
0.0995790329439,1,0.00596061705711
0.0981002551713,1,0.00567106789328
0.0981002551713,1,0.00567108287404
0.0995874279447,1,0.00583354515848
0.0995874279447,1,0.00583351909216
0.0980900103129,1,0.00554603049963
0.0980900103129,1,0.00554590590879
0.0996011615072,1,0.00559706405029
0.0996011615072,1,0.00559703345697
0.0980800756177,1,0.00554017232821
0.0980800756177,1,0.00554017944612
0.0996120763858,1,0.00560819048464
0.0996120763858,1,0.00560818947814
0.0980718257821,1,0.00563762239974
0.0980718257821,1,0.00563773315033
0.0996213489934,1,0.00555730549386
0.0996213489934,1,0.00555749542922
0.0980612451408,1,0.00551151954179
0.0980612451408,1,0.00551153448808
0.0996276578692,1,0.00575250347726
0.0996276578692,1,0.00575217741561
0.0980510440038,1,0.00574906829106
0.0980510440038,1,0.00574909594763
0.0996353501171,1,0.00624800259054
0.0996353501171,1,0.00624821349603
0.0980459667408,1,0.00553440821673
0.0980459667408,1,0.00553447172754
0.0996447474351,1,0.00557252330951
0.0996447474351,1,0.00557251183491
0.0996508478771,1,0.00557173097999
0.0996508478771,1,0.00557139810531
0.0980327487259,1,0.00569492342894
0.0980327487259,1,0.00569494429204
0.0996597138837,1,0.00559818629225
0.0996597138837,1,0.00559800121987
0.0980232917068,1,0.00558162968154
0.0980232917068,1,0.00558167988918
0.0980175931556,1,0.00568833058872
0.0980175931556,1,0.00568836820613
0.0996686237661,1,0.00580272858646
0.0996686237661,1,0.00580267633586
0.0996780229357,1,0.00554124080895
0.0996780229357,1,0.00554125990905
0.0980051877084,1,0.00563993038638
0.0980051877084,1,0.00563991900329
0.099686394478,1,0.00559727490176
0.099686394478,1,0.0055972342707
0.0979973215064,1,0.00643634010814
0.0979973215064,1,0.0064361142573
0.0996897845455,1,0.00567387587431
0.0996897845455,1,0.00567392526865
0.0979876466115,1,0.00552665041681
0.0979876466115,1,0.00552670411139
0.097981817871,1,0.00567942676705
0.097981817871,1,0.00567930771703
0.0979771337394,1,0.00562922369053
0.0979771337394,1,0.00562904336666
0.0997090606766,1,0.00557936105297
0.0997090606766,1,0.00557933409822
0.0988427500871,2,0.00584932312884
0.0988427500871,2,0.00584931875121
0.0988517441382,2,0.00566336618069
0.0988517441382,2,0.00566328811058
0.0988317621221,2,0.00542269594849
0.0988317621221,2,0.00542269463575
0.0988596467217,2,0.00622014859242
0.0988596467217,2,0.00622013395457
0.0988230616531,2,0.00559158876604
0.0988230616531,2,0.00559149099468
0.0988698188281,2,0.00565148006037
0.0988698188281,2,0.00565154845013
0.0988129247589,2,0.00559168004777
0.0988129247589,2,0.00559173075368
0.0988065680269,2,0.00556132004356
0.0988065680269,2,0.00556143836841
0.0988822852324,2,0.00532679181253
0.0988822852324,2,0.00532674126383
0.0987964393539,2,0.00621800722828
0.0987964393539,2,0.00621793433816
0.0988882151549,2,0.00545419418446
0.0988882151549,2,0.00545420419965
0.0988955852356,2,0.00566777894706
0.0988955852356,2,0.00566761867369
0.0987860237987,2,0.0056609661724
0.0987860237987,2,0.0056610273503
0.0989039259876,2,0.00590298536464
0.0989039259876,2,0.00590309796602
0.0987802584905,2,0.00571098270802
0.0987802584905,2,0.00571098669401
0.098772665018,2,0.0057526131713
0.098772665018,2,0.00575253178016
0.0989151981917,2,0.00564946423911
0.0989151981917,2,0.00564961689261
0.0989188063903,2,0.00544293815464
0.0989188063903,2,0.00544297220685
0.0987614714442,2,0.00557673757491
0.0987614714442,2,0.00557670886363
0.0989299496214,2,0.00552643675871
0.0989299496214,2,0.00552630909336
0.0987540775773,2,0.00549091445596
0.0987540775773,2,0.00549091717054
0.0989381042555,2,0.00592909334241
0.0989381042555,2,0.00592908619139
0.0987428048386,2,0.00561772594021
0.0987428048386,2,0.00561799036211
0.09894774124,2,0.00548533852701
0.09894774124,2,0.00548546411882
0.0987351284207,2,0.00584985575669
0.0987351284207,2,0.00584963347189
0.0989527277879,2,0.00557869981823
0.0989527277879,2,0.00557880174752
0.0989561685659,2,0.00704347340208
0.0989561685659,2,0.00704373497333
0.0987265514593,2,0.00588361393873
0.0987265514593,2,0.00588356131176
0.0987231263571,2,0.00580659006308
0.0987231263571,2,0.00580680623724
0.0989651787201,2,0.00535427133955
0.0989651787201,2,0.00535433356549
0.0989742901669,2,0.00578081778492
0.0989742901669,2,0.00578093011407
0.0987070441691,2,0.00590600538836
0.0987070441691,2,0.00590598184307
0.0987007848999,2,0.00549684694213
0.0987007848999,2,0.00549683484982
0.0989883568459,2,0.00586031211075
0.0989883568459,2,0.00586026045824
0.098694954579,2,0.00573843400766
0.098694954579,2,0.00573825510761
0.0989961510902,2,0.0057993448186
0.0989961510902,2,0.00579936616884
0.0986873026904,2,0.00562319950029
0.0986873026904,2,0.00562319578193
0.099002111234,2,0.00550731508354
0.099002111234,2,0.00550732352546
0.0986777778063,2,0.00573605294551
0.0986777778063,2,0.00573605321524
0.0990116831691,2,0.00623235466381
0.0990116831691,2,0.00623237334622
0.0986724679593,2,0.00569663494066
0.0986724679593,2,0.00569679214935
0.098663941165,2,0.00567387827885
0.098663941165,2,0.00567414948506
0.0990235919261,2,0.00584307991866
0.0990235919261,2,0.0058429465367
0.0986545555005,2,0.00564532231793
0.0986545555005,2,0.00564512838053
0.0990345828609,2,0.0053801815181
0.0990345828609,2,0.00538010246032
0.099040588293,2,0.0053595810361
0.099040588293,2,0.00535953817638
0.0986427207553,2,0.00562087703257
0.0986427207553,2,0.0056209082687
0.0990494359769,2,0.00559039429611
0.0990494359769,2,0.00559057136583
0.0986304752119,2,0.00559603202746
0.0986304752119,2,0.00559602559386
0.09862369958,2,0.00550248660047
0.09862369958,2,0.00550232047102
0.0990606288842,2,0.00547349813798
0.0990606288842,2,0.00547378984974
0.0986190029251,2,0.00580746287393
0.0986190029251,2,0.00580745616133
0.0990700403002,2,0.00617467848729
0.0990700403002,2,0.00617498796475
0.0986074144788,2,0.0054949438588
0.0986074144788,2,0.00549488989573
0.0986012557572,2,0.00602789855926
0.0986012557572,2,0.00602799076853
0.0990835956164,2,0.00541917706604
0.0990835956164,2,0.0054193901091
0.0985958040552,2,0.00570085527429
0.0985958040552,2,0.00570107023667
0.0990935574847,2,0.00536840123792
0.0990935574847,2,0.00536851495344
0.0985867894124,2,0.0054782526615
0.0985867894124,2,0.00547816117509
0.0990996172797,2,0.00560401285154
0.0990996172797,2,0.00560423712712
0.0991043125171,2,0.00561733932039
0.0991043125171,2,0.00561720870941
0.0985750761797,2,0.00587445992796
0.0985750761797,2,0.00587446665062
0.0991127217817,2,0.00573898296427
0.0991127217817,2,0.00573909990361
0.09856413431,2,0.0058021479963
0.09856413431,2,0.00580219861781
0.0991244133162,2,0.00560769768593
0.0991244133162,2,0.0056077945241
0.0985571953921,2,0.00604276662751
0.0985571953921,2,0.00604284610701
0.0991347326742,2,0.00645322799973
0.0991347326742,2,0.00645327113548
0.0991391789641,2,0.00543801338362
0.0991391789641,2,0.00543779089829
0.098543919645,2,0.00549623209628
0.098543919645,2,0.00549629223935
0.0991449078844,2,0.00612014051811
0.0991449078844,2,0.00612063138162
0.0985356440109,2,0.00547967065893
0.0985356440109,2,0.00547960969921
0.0985331487696,2,0.00579874831643
0.0985331487696,2,0.00579865915558
0.0991539393729,2,0.00586832760755
0.0991539393729,2,0.00586822762569
0.0985245304889,2,0.00577232407541
0.0985245304889,2,0.00577233032579
0.0985153438408,2,0.00558475538716
0.0985153438408,2,0.00558451004916
0.0991701552687,2,0.00538168483244
0.0991701552687,2,0.00538142304545
0.0991783035495,2,0.00550649557045
0.0991783035495,2,0.00550673722917
0.0985038337943,2,0.00546378623248
0.0985038337943,2,0.0054638619208
0.0991852269571,2,0.00548091973243
0.0991852269571,2,0.00548084967702
0.0984970162062,2,0.00564628263894
0.0984970162062,2,0.0056462712977
0.0991955887987,2,0.00570445729615
0.0991955887987,2,0.00570431575022
0.0984865075481,2,0.00615117141346
0.0984865075481,2,0.00615110553156
0.0984810420242,2,0.00561901030883
0.0984810420241,2,0.00561884980017
0.0992050689747,2,0.00558556483444
0.0992050689747,2,0.00558583463899
0.0984731250843,2,0.00594209186198
0.0984731250843,2,0.0059421241699
0.0992146279166,2,0.00617191308444
0.0992146279166,2,0.00617203025397
0.0992176526333,2,0.00562028676711
0.0992176526333,2,0.0056202840484
0.098465089149,2,0.00602934553526
0.098465089149,2,0.00602946236399
0.0992311031239,2,0.00556340596188
0.0992311031239,2,0.00556370845578
0.0984491710021,2,0.0058691579432
0.0984491710021,2,0.00586926257588
0.0992377224062,2,0.00538667093799
0.0992377224062,2,0.00538612960287
0.0984453082859,2,0.00576460790083
0.0984453082859,2,0.00576451769443
0.0992443053681,2,0.00566312111287
0.0992443053681,2,0.00566313041391
0.0984351305488,2,0.00583647768387
0.0984351305488,2,0.00583652945506
0.0992524847754,2,0.0055106831949
0.0992524847754,2,0.00551046951017
0.0984233693026,2,0.0054016079547
0.0984233693026,2,0.00540162098215
0.0992629476427,2,0.00605632553498
0.0992629476427,2,0.00605641780513
0.0992698600892,2,0.00594470364193
0.0992698600892,2,0.00594438363088
0.0984114978172,2,0.00547815260681
0.0984114978172,2,0.00547810126885
0.098409104567,2,0.00541692775785
0.098409104567,2,0.0054169887242
0.0992808914051,2,0.00542092667041
0.0992808914051,2,0.00542067966284
0.0983975543744,2,0.00550325535211
0.0983975543744,2,0.00550320148422
0.0992915086577,2,0.0056833974046
0.0992915086577,2,0.00568340949013
0.098387808771,2,0.00559491892232
0.0983878087709,2,0.00559498015277
0.0993011847627,2,0.00564947254518
0.0993011847627,2,0.00564967429582
0.0983802350139,2,0.00542623219297
0.0983802350139,2,0.0054263075805
0.0993080546853,2,0.00592127383137
0.0993080546853,2,0.00592157404021
0.0983725333333,2,0.00553495449713
0.0983725333333,2,0.00553469011832
0.0993175234428,2,0.00591617751312
0.0993175234429,2,0.0059162865872
0.0983660380338,2,0.00544786573917
0.0983660380338,2,0.00544788847757
0.0983568473652,2,0.00562351577467
0.0983568473652,2,0.00562340419688
0.0993274650881,2,0.00554859169266
0.0993274650881,2,0.00554852595682
0.099332137608,2,0.00551266893712
0.099332137608,2,0.00551248670292
0.0983490837942,2,0.00545045290258
0.0983490837942,2,0.00545054857149
0.0983415393559,2,0.00538063008637
0.0983415393559,2,0.00538050988454
0.0993467854563,2,0.00561512007405
0.0993467854563,2,0.00561519950077
0.0983289917217,2,0.00542149514029
0.0983289917217,2,0.00542136985789
0.0993569107075,2,0.00576572825116
0.0993569107075,2,0.0057656748812
0.098323028503,2,0.00580656323284
0.098323028503,2,0.0058065327821
0.0993621267911,2,0.00549867641234
0.0993621267911,2,0.00549862536562
0.0983134635127,2,0.00554779699702
0.0983134635127,2,0.00554784014832
0.0993711312217,2,0.00551720761309
0.0993711312217,2,0.00551710848455
0.0983085827776,2,0.00540384366576
0.0983085827776,2,0.00540408960359
0.0993806535289,2,0.00559084032172
0.0993806535289,2,0.0055911282631
0.099386911559,2,0.00589738160977
0.099386911559,2,0.00589753009303
0.0982971062962,2,0.00583421731466
0.0982971062962,2,0.00583449370964
0.0982908670945,2,0.00545448854695
0.0982908670945,2,0.00545446670104
0.0993984661261,2,0.00586866999399
0.0993984661261,2,0.00586842402236
0.0982830040404,2,0.00614556462925
0.0982830040404,2,0.0061456754523
0.0994095421533,2,0.00591939878001
0.0994095421533,2,0.00591951368604
0.09827069347,2,0.00552730321014
0.09827069347,2,0.00552711343565
0.0994140546821,2,0.00546876708337
0.0994140546821,2,0.00546873730903
0.09941943777,2,0.00551939196767
0.09941943777,2,0.00551916428649
0.0982613893671,2,0.00613809619025
0.0982613893671,2,0.00613757930473
0.0982550880983,2,0.0055180579319
0.0982550880983,2,0.00551804998809
0.0994311450982,2,0.00589882570374
0.0994311450982,2,0.00589885388686
0.0982476770961,2,0.005456976462
0.0982476770961,2,0.00545693725358
0.0994402638643,2,0.00601933248167
0.0994402638643,2,0.00601941649718
0.0982391420463,2,0.00551903220971
0.0982391420463,2,0.00551907618304
0.0994498355716,2,0.00561848267781
0.0994498355716,2,0.00561868141402
0.0982308496596,2,0.0057391655984
0.0982308496596,2,0.00573922127463
0.0994575546569,2,0.00550302562814
0.0994575546569,2,0.00550303176395
0.0982222172393,2,0.00601606334212
0.0982222172393,2,0.00601617774635
0.0994680603489,2,0.00581190853701
0.0994680603489,2,0.00581213108268
0.0982101674925,2,0.00526887759742
0.0982101674925,2,0.00526878655598
0.0994748140603,2,0.0056690399013
0.0994748140603,2,0.00566918003451
0.09819839847,2,0.00535293720282
0.09819839847,2,0.00535297584224
0.0994866698449,2,0.00549261310805
0.0994866698449,2,0.00549233348682
0.0981910699112,2,0.00558125726099
0.0981910699112,2,0.00558127868168
0.099494404413,2,0.00543185981041
0.099494404413,2,0.00543189572877
0.0981868457646,2,0.00569758577081
0.0981868457646,2,0.00569733354583
0.0995042228121,2,0.00565810918049
0.0995042228121,2,0.00565832335258
0.0981771470414,2,0.0054801431971
0.0981771470414,2,0.00548015866826
0.0995173924628,2,0.00568006035688
0.0995173924628,2,0.00567993617804
0.0981649941233,2,0.00551646709348
0.0981649941233,2,0.00551624747554
0.0995216231588,2,0.00600272795404
0.0995216231588,2,0.0060025552524
0.0981611776901,2,0.00606132632661
0.0981611776901,2,0.00606130070603
0.0981560773537,2,0.00555440448117
0.0981560773537,2,0.00555427123893
0.099530924273,2,0.00564850695161
0.099530924273,2,0.0056485006214
0.0981416448402,2,0.0054744705112
0.0981416448402,2,0.00547455242022
0.0995443170277,2,0.00623676923813
0.0995443170277,2,0.00623728750504
0.0981356967948,2,0.00547521926779
0.0981356967948,2,0.00547503520177
0.0995527473169,2,0.00602919181549
0.0995527473169,2,0.00602912268299
0.0981265779193,2,0.00542288324791
0.0981265779193,2,0.00542277325907
0.0995607864041,2,0.00539830315962
0.0995607864041,2,0.00539835136597
0.0981151576022,2,0.00563324157756
0.0981151576022,2,0.00563318263141
0.0995701935418,2,0.00617073788925
0.0995701935418,2,0.00617062848663
0.0981083081824,2,0.00561048281943
0.0981083081824,2,0.00561042012369
0.0995778589934,2,0.00592918748084
0.0995778589934,2,0.00592912417185
0.0995857623449,2,0.0055975773804
0.0995857623449,2,0.00559791848781
0.0980941785366,2,0.00577705262716
0.0980941785366,2,0.00577702851255
0.0995928055629,2,0.00574205094495
0.0995928055629,2,0.00574211612371
0.098088336228,2,0.00559442529045
0.098088336228,2,0.0055946906434
0.0995986656368,2,0.00571923877962
0.0995986656368,2,0.00571907860444
0.0996081476302,2,0.00560945419816
0.0996081476302,2,0.00560946750223
0.0980757116396,2,0.00569347075762
0.0980757116396,2,0.00569372611109
0.0980692692803,2,0.00553449395912
0.0980692692803,2,0.00553489646304
0.0996199154868,2,0.00604345972961
0.0996199154868,2,0.00604348838034
0.0980607293085,2,0.00574993086413
0.0980607293085,2,0.00574993986426
0.0996292843782,2,0.00538832607052
0.0996292843782,2,0.00538856421578
0.0980525179896,2,0.00537433419443
0.0980525179896,2,0.00537423986581
0.0980456060896,2,0.00543055779415
0.0980456060896,2,0.00543075110948
0.0996392577433,2,0.00560127727851
0.0996392577433,2,0.00560166125046
0.0980389931394,2,0.00558278289197
0.0980389931394,2,0.00558274986511
0.0996487499863,2,0.00602644588583
0.0996487499863,2,0.00602648196474
0.0996533471891,2,0.00542102340779
0.0996533471891,2,0.00542120223514
0.098030724958,2,0.00541696265811
0.098030724958,2,0.00541731488047
0.0980238767055,2,0.00592117222677
0.0980238767055,2,0.00592112349322
0.099664806201,2,0.00549815630744
0.099664806201,2,0.00549804778507
0.0980112688439,2,0.00544786686137
0.0980112688439,2,0.00544766320978
0.0996752969397,2,0.0055323889138
0.0996752969397,2,0.00553238610184
0.0980045674715,2,0.0056078326886
0.0980045674715,2,0.00560783797983
0.0996855719485,2,0.00571464494642
0.0996855719485,2,0.00571474912572
0.0979952726714,2,0.0062366051911
0.0979952726714,2,0.00623612244212
0.0996918574243,2,0.00554852048129
0.0996918574243,2,0.00554849697385
0.0979831633041,2,0.00567967529917
0.0979831633041,2,0.00567993288842
0.0997033093719,2,0.00570078502052
0.0997033093719,2,0.00570068094529
0.0979797617839,2,0.00568229716487
0.0979797617839,2,0.00568213104395
0.0997096845243,2,0.00545930426668
0.0997096845243,2,0.00545953911625
0.0979697716045,2,0.00547255349208
0.0979697716045,2,0.00547246482352
0.0988491485237,3,0.00579243204123
0.0988491485237,3,0.00579243111896
0.0988342081622,3,0.00567432642698
0.0988342081622,3,0.0056743281676
0.0988567360984,3,0.00573841332462
0.0988567360984,3,0.00573841430672
0.0988237791255,3,0.00545545738098
0.0988237791255,3,0.0054554569145
0.0988644980394,3,0.00561117899398
0.0988644980394,3,0.00561117931415
0.0988112272708,3,0.0058804318886
0.0988112272708,3,0.00588043228485
0.0988747614941,3,0.00548810568678
0.0988747614941,3,0.005488105457
0.0988802616675,3,0.00562879177098
0.0988802616675,3,0.00562879105779
0.0988008421087,3,0.00566055464077
0.0988008421086,3,0.00566054939859
0.0988888253706,3,0.00574241417293
0.0988888253706,3,0.00574243756668
0.0987912749243,3,0.00595025805377
0.0987912749243,3,0.00595027097751
0.098894827728,3,0.00608405935575
0.098894827728,3,0.0060840730885
0.0987851156158,3,0.00588236204129
0.0987851156158,3,0.00588236506405
0.0989047247435,3,0.00590249538607
0.0989047247435,3,0.00590249516977
0.0987780901688,3,0.00563529722509
0.0987780901688,3,0.00563529357032
0.0989122108706,3,0.00542473648845
0.0989122108706,3,0.00542473558747
0.0987665290546,3,0.00578249661778
0.0987665290546,3,0.00578250088603
0.0989218200284,3,0.00567565351105
0.0989218200284,3,0.00567565576685
0.0987539033527,3,0.00559040903214
0.0987539033526,3,0.00559040815609
0.0989334745472,3,0.00576466039072
0.0989334745472,3,0.00576466229995
0.0987506777194,3,0.00602669423329
0.0987506777194,3,0.006026690901
0.0989449353319,3,0.00620912673945
0.0989449353319,3,0.00620911357952
0.0987364795467,3,0.00562483030949
0.0987364795466,3,0.00562483844566
0.0987297661772,3,0.00550577277048
0.0987297661771,3,0.0055057957281
0.0989545322431,3,0.00568628755381
0.0989545322431,3,0.00568630063752
0.0989574543384,3,0.00563870575759
0.0989574543384,3,0.00563870606957
0.0987214113141,3,0.00542796663754
0.0987214113141,3,0.00542798107386
0.0989641213358,3,0.00554437785571
0.0989641213358,3,0.00554436013862
0.0987096336043,3,0.0055322233047
0.0987096336043,3,0.00553221655458
0.0989773674082,3,0.00593362694629
0.0989773674082,3,0.00593359719443
0.098704276884,3,0.0057614517602
0.098704276884,3,0.00576145302058
0.0989842504259,3,0.00571153406764
0.0989842504259,3,0.00571153014872
0.0986927861521,3,0.00549683225471
0.0986927861521,3,0.00549683352222
0.0989933749451,3,0.00552054109004
0.0989933749451,3,0.00552053838124
0.0986867109308,3,0.00582428390885
0.0986867109308,3,0.00582427615892
0.0990007100682,3,0.0057578776473
0.0990007100683,3,0.00575782409713
0.098677350638,3,0.00590827633617
0.098677350638,3,0.00590824198114
0.0990150430381,3,0.00576818702766
0.0990150430382,3,0.00576818328908
0.0986671241175,3,0.00560271017667
0.0986671241175,3,0.00560263122502
0.0990206515077,3,0.00541531932792
0.0990206515077,3,0.00541539414793
0.0986576143176,3,0.00573559923882
0.0986576143176,3,0.00573559127897
0.0990350484967,3,0.0057499239117
0.0990350484967,3,0.00574990681437
0.0986481400693,3,0.00577517278664
0.0986481400693,3,0.00577517201994
0.0990381874841,3,0.00607736793508
0.0990381874841,3,0.00607733974523
0.0986432045929,3,0.00645373447612
0.0986432045929,3,0.00645374055925
0.0986289346985,3,0.00605876996395
0.0986289346985,3,0.00605879778002
0.0990567552952,3,0.00555304928436
0.0990567552952,3,0.00555302832807
0.0990633798088,3,0.0054910440423
0.0990633798088,3,0.00549102058715
0.0986203569378,3,0.00558837140307
0.0986203569378,3,0.00558835762984
0.0990684653686,3,0.00609931209795
0.0990684653686,3,0.0060992696542
0.0986128222584,3,0.00534937171931
0.0986128222584,3,0.00534937027301
0.099075162478,3,0.00606016518753
0.0990751624781,3,0.00606016214095
0.0986035109697,3,0.00533215870201
0.0986035109697,3,0.00533214682731
0.0985973276265,3,0.00559600590878
0.0985973276265,3,0.00559599437872
0.0990875911355,3,0.00576453232119
0.0990875911355,3,0.00576452418708
0.0985903620225,3,0.00622149866105
0.0985903620225,3,0.00622149717866
0.099095300724,3,0.0055612880251
0.099095300724,3,0.0055612885998
0.0985819552239,3,0.00591893957766
0.0985819552239,3,0.00591896188789
0.0991034862965,3,0.00614567744256
0.0991034862965,3,0.00614569733311
0.0985723473192,3,0.00573687301947
0.0985723473192,3,0.00573687892053
0.0991133934432,3,0.00544163184062
0.0991133934432,3,0.00544163189662
0.0991197717261,3,0.00594289260654
0.0991197717261,3,0.0059428822858
0.0985608853947,3,0.00536702095735
0.0985608853947,3,0.0053670226878
0.0991279673334,3,0.00554490352903
0.0991279673334,3,0.00554486319252
0.0985524003414,3,0.00587358287164
0.0985524003414,3,0.00587356842609
0.0991382515519,3,0.00570563263914
0.0991382515519,3,0.00570565369839
0.0985406898046,3,0.00611585741683
0.0985406898046,3,0.00611580182308
0.0991492169973,3,0.00566082754836
0.0991492169973,3,0.0056608425531
0.0985337489516,3,0.00585092411763
0.0985337489516,3,0.00585093321806
0.0991551482149,3,0.00561217041442
0.0991551482149,3,0.00561223723592
0.0985260345419,3,0.00625588024141
0.0985260345419,3,0.00625589018754
0.0991632820361,3,0.0057182288374
0.0991632820361,3,0.0057182171862
0.0985162778585,3,0.00583390412431
0.0985162778585,3,0.00583387206125
0.0991729960984,3,0.00590434192021
0.0991729960984,3,0.00590426739034
0.0985102142886,3,0.00555837854462
0.0985102142886,3,0.00555838133129
0.0991818576062,3,0.00574365699216
0.0991818576063,3,0.00574357028993
0.0985003239058,3,0.00611897544621
0.0985003239058,3,0.00611898466383
0.0991871262255,3,0.00555050573273
0.0991871262255,3,0.00555049332357
0.0984920723784,3,0.00546169638136
0.0984920723783,3,0.00546164137166
0.0992000155003,3,0.00616467119672
0.0992000155003,3,0.00616463936501
0.0984815213589,3,0.00605345574076
0.0984815213589,3,0.00605348170722
0.099205977857,3,0.00567470005337
0.099205977857,3,0.00567483771274
0.0992111876925,3,0.00609648090799
0.0992111876925,3,0.00609602325827
0.0984693220595,3,0.00573500507137
0.0984693220595,3,0.00573494321714
0.0992180535641,3,0.00588159425609
0.0992180535641,3,0.005881637674
0.0984607037922,3,0.00561891599338
0.0984607037922,3,0.00561892360794
0.0992283534675,3,0.00549976800097
0.0992283534675,3,0.00549980164715
0.0984544680952,3,0.00579935583987
0.0984544680952,3,0.00579931585418
0.099238566941,3,0.00553741180676
0.099238566941,3,0.00553719819502
0.0984446918833,3,0.00589576585459
0.0984446918833,3,0.00589579544481
0.0992425553468,3,0.00583631843733
0.0992425553469,3,0.00583598983437
0.0992500144849,3,0.00589949627841
0.0992500144849,3,0.00589949866889
0.098432388188,3,0.00565975544717
0.098432388188,3,0.00565982808816
0.0992565959206,3,0.0055631126255
0.0992565959206,3,0.00556328528773
0.0984215417458,3,0.0054791695691
0.0984215417458,3,0.00547916101973
0.0984179618232,3,0.00539449023122
0.0984179618232,3,0.00539447785878
0.0992686508116,3,0.00568112318816
0.0992686508116,3,0.00568111727947
0.0984143800182,3,0.00581502267142
0.0984143800182,3,0.00581513034674
0.0992814076836,3,0.00558011169262
0.0992814076836,3,0.00558016169332
0.0983989348536,3,0.00569305554533
0.0983989348536,3,0.00569307824224
0.0992886495997,3,0.00565039736979
0.0992886495997,3,0.00564999155179
0.0992939793123,3,0.00545449597059
0.0992939793123,3,0.00545450441724
0.0983899808492,3,0.0057337694189
0.0983899808492,3,0.00573377223094
0.099301162705,3,0.00554101053253
0.099301162705,3,0.00554112018808
0.0983813234918,3,0.00565184155127
0.0983813234918,3,0.00565186956503
0.098373700808,3,0.00609481020146
0.098373700808,3,0.00609479287713
0.0993130099005,3,0.00579459600747
0.0993130099005,3,0.00579459136226
0.0993191583495,3,0.0054326269158
0.0993191583495,3,0.00543255380858
0.0983624860995,3,0.00555288593453
0.0983624860995,3,0.00555284188051
0.0993283079165,3,0.00552496226935
0.0993283079165,3,0.0055249355386
0.0983507622701,3,0.00546119697504
0.0983507622701,3,0.00546135441702
0.0993357245142,3,0.00616368925273
0.0993357245142,3,0.00616373430773
0.098346931952,3,0.00580976859687
0.098346931952,3,0.00580982530035
0.0993446719502,3,0.00566042991921
0.0993446719502,3,0.00566043752148
0.0983371024718,3,0.00558891538382
0.0983371024718,3,0.00558883126741
0.0993521080596,3,0.00555473798204
0.0993521080596,3,0.00555446914933
0.0983300891785,3,0.0056691199522
0.0983300891785,3,0.00566912199152
0.0993584669622,3,0.00562694991703
0.0993584669622,3,0.00562692483271
0.0983232600136,3,0.00595539611207
0.0983232600136,3,0.00595542663327
0.0983176747368,3,0.00567799170312
0.0983176747368,3,0.00567799673868
0.0993684627265,3,0.00584366706631
0.0993684627265,3,0.00584360958004
0.0983022779238,3,0.00551632956775
0.0983022779237,3,0.00551633747787
0.0993829080161,3,0.00555140065031
0.0993829080161,3,0.00555141147096
0.0982947658715,3,0.00561458511926
0.0982947658715,3,0.00561455764656
0.0993901869656,3,0.00580884373606
0.0993901869656,3,0.00580875834996
0.0993977012804,3,0.00560337635658
0.0993977012804,3,0.00560341002468
0.0982827950737,3,0.00567169680523
0.0982827950737,3,0.00567171088818
0.0994083030748,3,0.00587200510896
0.0994083030748,3,0.00587203477098
0.0982742972489,3,0.00621998867931
0.0982742972489,3,0.00621980105853
0.0994163081274,3,0.00569107850198
0.0994163081274,3,0.00569109900116
0.0982678032925,3,0.00562864933173
0.0982678032925,3,0.00562865222871
0.0994243203772,3,0.00561938084512
0.0994243203772,3,0.00561930602673
0.0982537296479,3,0.00551370893293
0.0982537296479,3,0.00551367154339
0.0994323930863,3,0.00550153054238
0.0994323930863,3,0.00550153611907
0.0982456863373,3,0.00565371813946
0.0982456863373,3,0.00565363247928
0.0994404204313,3,0.00547340959073
0.0994404204313,3,0.00547330457536
0.0994481288247,3,0.00566182186412
0.0994481288247,3,0.00566181790883
0.0982331957961,3,0.00586461961829
0.0982331957961,3,0.00586456595525
0.0994565935463,3,0.00586485122658
0.0994565935463,3,0.00586491301221
0.0982252772142,3,0.00565023732685
0.0982252772142,3,0.00565016494392
0.098216735059,3,0.00555143833522
0.098216735059,3,0.00555136364599
0.0994705636201,3,0.00592357930136
0.0994705636201,3,0.00592358137146
0.0994731615718,3,0.00568631593004
0.0994731615718,3,0.0056862053778
0.098206060189,3,0.00590418341264
0.098206060189,3,0.00590420474942
0.0994795955914,3,0.0056586312254
0.0994795955914,3,0.00565862572128
0.0981950056028,3,0.00561254875309
0.0981950056028,3,0.00561252659358
0.0994927606867,3,0.00539457858602
0.0994927606867,3,0.00539457017163
0.098190692501,3,0.0057322599907
0.098190692501,3,0.00573231788937
0.0995004245435,3,0.00565076475384
0.0995004245435,3,0.00565085830042
0.098183310731,3,0.00576995428335
0.098183310731,3,0.00576995457777
0.0995125839206,3,0.00579565006332
0.0995125839206,3,0.00579556604468
0.0981714544841,3,0.0058493315318
0.0981714544841,3,0.00584934526409
0.0981669794872,3,0.00590983284793
0.0981669794872,3,0.00590985620244
0.0995215060806,3,0.00544347827655
0.0995215060807,3,0.00544361525701
0.0981589370088,3,0.00555652932603
0.0981589370088,3,0.00555655492438
0.0995328412625,3,0.00578287947474
0.0995328412625,3,0.00578283315056
0.098150407743,3,0.00562629467143
0.098150407743,3,0.00562623236812
0.0995462053669,3,0.00551596880453
0.0995462053669,3,0.00551593934971
0.0981342781472,3,0.00560559533306
0.0981342781472,3,0.00560558570132
0.0995505935815,3,0.00579051682097
0.0995505935815,3,0.00579052064729
0.0981322586794,3,0.00571060664799
0.0981322586794,3,0.00571066556456
0.0995592680372,3,0.00571964405231
0.0995592680372,3,0.00571958500218
0.0995657377014,3,0.00544503863956
0.0995657377014,3,0.00544509202716
0.0981157753671,3,0.0058554381346
0.0981157753671,3,0.00585538040027
0.0995724098367,3,0.00542431761121
0.0995724098368,3,0.0054243206092
0.0981095701551,3,0.00544504190988
0.098109570155,3,0.00544499856015
0.0980979607392,3,0.00549713429989
0.0980979607392,3,0.00549716928103
0.0995885678997,3,0.00553710763189
0.0995885678997,3,0.00553696374217
0.098093464972,3,0.00546348535464
0.098093464972,3,0.00546326918854
0.099597573236,3,0.00554850651457
0.099597573236,3,0.00554854064243
0.0980789257462,3,0.00570413994909
0.0980789257462,3,0.00570414393809
0.0996094073417,3,0.00616569909219
0.0996094073417,3,0.00616561357204
0.0980722680971,3,0.00560025976067
0.0980722680971,3,0.00560020358813
0.0996165448184,3,0.0060739252119
0.0996165448184,3,0.00607386299888
0.0980626155588,3,0.00546051606294
0.0980626155588,3,0.00546043013688
0.0996223024856,3,0.00561190675293
0.0996223024856,3,0.00561187140037
0.0980588880159,3,0.00560133985694
0.0980588880159,3,0.00560115718318
0.0980510697182,3,0.00593523790568
0.0980510697182,3,0.0059351734309
0.0996334800901,3,0.00560885885417
0.0996334800901,3,0.00560881637478
0.0996410755924,3,0.00573603511399
0.0996410755924,3,0.00573606419451
0.0980397232341,3,0.00587922149535
0.0980397232341,3,0.00587925159939
0.0996477919303,3,0.00601876946838
0.0996477919303,3,0.00601881878585
0.0980290985993,3,0.00572792635906
0.0980290985993,3,0.00572779361023
0.0996569927122,3,0.00577373717038
0.0996569927122,3,0.0057735917312
0.0980231102482,3,0.00586337654069
0.0980231102482,3,0.00586323442501
0.0996625254984,3,0.00557886794545
0.0996625254984,3,0.00557884828433
0.0980132549844,3,0.00553771857756
0.0980132549844,3,0.00553782162146
0.0996733991111,3,0.00587889982203
0.0996733991111,3,0.00587893421539
0.0980070120123,3,0.00605520773549
0.0980070120123,3,0.00605528149508
0.0996788283274,3,0.00555870012534
0.0996788283274,3,0.00555870124549
0.0979964620842,3,0.0053592556082
0.0979964620842,3,0.00535930213411
0.0979924196632,3,0.00600871400023
0.0979924196632,3,0.0060085632753
0.0996918102672,3,0.00662653671597
0.0996918102672,3,0.00662653749687
0.0997027434049,3,0.00561803397593
0.0997027434049,3,0.00561810465941
0.0979805639553,3,0.00550496064802
0.0979805639553,3,0.00550493821105
0.0997068620168,3,0.00567760316659
0.0997068620168,3,0.00567754949257
0.0979696044737,3,0.00560614354871
0.0979696044737,3,0.00560613108269
0.0997162723938,3,0.00566218736066
0.0997162723938,3,0.0056621378246
0.0979645511018,3,0.00564155376069
0.0979645511018,3,0.00564169145574
0.0979597213136,3,0.0057891837498
0.0979597213136,3,0.00578923487249
0.0988454754343,4,0.00569123937706
0.0988454754343,4,0.00569124098619
0.0988341745748,4,0.00540464626127
0.0988341745748,4,0.00540465973334
0.0988513006515,4,0.00548736575308
0.0988513006515,4,0.00548736951762
0.0988266195197,4,0.00595003107138
0.0988266195197,4,0.00595001922229
0.0988618420062,4,0.00551912986709
0.0988618420062,4,0.00551909147258
0.0988176364086,4,0.00587257335425
0.0988176364086,4,0.00587247428078
0.098870242564,4,0.00559526962679
0.098870242564,4,0.00559526380816
0.098808566581,4,0.00579066658692
0.098808566581,4,0.00579072093839
0.0988775042964,4,0.0055621521625
0.0988775042964,4,0.00556211270533
0.0988010934839,4,0.00547555067021
0.0988010934839,4,0.00547554759805
0.0988858104109,4,0.00591700590053
0.0988858104109,4,0.00591701411936
0.0987919368997,4,0.00582438932932
0.0987919368997,4,0.00582452473462
0.0988949724111,4,0.00536837860198
0.0988949724111,4,0.00536837559234
0.0987839620683,4,0.00563821822552
0.0987839620683,4,0.00563819484047
0.0989017116668,4,0.00566424413096
0.0989017116668,4,0.00566422355387
0.098777476714,4,0.00547992846282
0.098777476714,4,0.00547992759252
0.0989109668422,4,0.00562870086534
0.0989109668422,4,0.00562867759523
0.0987675992346,4,0.00548965806512
0.0987675992346,4,0.00548959640082
0.0989201015977,4,0.00598404870942
0.0989201015977,4,0.00598406936009
0.09875801666,4,0.00557111131392
0.09875801666,4,0.00557137461095
0.0989333796968,4,0.00549498183301
0.0989333796968,4,0.00549498866138
0.0987482150084,4,0.00562479359072
0.0987482150084,4,0.00562483803493
0.0989392920071,4,0.00554695259763
0.0989392920071,4,0.0055470301644
0.0987437526028,4,0.0056563598262
0.0987437526028,4,0.00565646012204
0.0989443489079,4,0.00628257978363
0.0989443489079,4,0.0062825692592
0.0987324205534,4,0.00564586935697
0.0987324205534,4,0.00564573131152
0.0989554960256,4,0.00565208229617
0.0989554960256,4,0.00565205530956
0.0987277960259,4,0.00546591119962
0.0987277960259,4,0.00546583120462
0.0989643878948,4,0.00605501103962
0.0989643878948,4,0.00605495919284
0.0987176513485,4,0.00566543550994
0.0987176513485,4,0.00566539649867
0.0987098615334,4,0.00553886433544
0.0987098615334,4,0.00553901296482
0.0989749758454,4,0.0054858362545
0.0989749758454,4,0.00548589521026
0.0989836863904,4,0.00607498150406
0.0989836863904,4,0.00607519853491
0.0986965985074,4,0.00588716671968
0.0986965985074,4,0.00588717177886
0.0989886858308,4,0.00598684234381
0.0989886858308,4,0.00598669595363
0.0986916436747,4,0.00578467121752
0.0986916436747,4,0.00578459847879
0.0990022009724,4,0.00605276165531
0.0990022009724,4,0.00605285518949
0.0986782266724,4,0.00547270178948
0.0986782266724,4,0.00547267340486
0.0990131332659,4,0.00562363142071
0.0990131332659,4,0.00562360361148
0.0986708156659,4,0.00595435634324
0.0986708156659,4,0.00595431896931
0.099017761631,4,0.00592860515344
0.099017761631,4,0.00592855022499
0.0986617717648,4,0.0053722102981
0.0986617717648,4,0.00537223009486
0.0990290272624,4,0.00575112127668
0.0990290272624,4,0.00575107305029
0.0986527197598,4,0.00566962724825
0.0986527197598,4,0.00566965758826
0.0990345896003,4,0.00701414375593
0.0990345896003,4,0.00701416208097
0.0986429953723,4,0.00571243135383
0.0986429953723,4,0.00571240379111
0.0990448106833,4,0.00594822116367
0.0990448106833,4,0.00594821072787
0.0986343586224,4,0.00559606558288
0.0986343586224,4,0.00559619589594
0.0990521427625,4,0.00554443125961
0.0990521427625,4,0.00554442487151
0.0986295324573,4,0.00604680796771
0.0986295324573,4,0.00604680935275
0.0990604298449,4,0.00547046892051
0.0990604298449,4,0.00547059929831
0.0986210850209,4,0.00544692367982
0.0986210850209,4,0.00544689142519
0.0990670940055,4,0.00550237276182
0.0990670940055,4,0.00550272413649
0.098611630085,4,0.00557329725552
0.098611630085,4,0.00557321965311
0.0990766602234,4,0.00542829607098
0.0990766602234,4,0.00542838436264
0.0986001212473,4,0.00571294798904
0.0986001212473,4,0.00571291543169
0.0990843356077,4,0.00547823991549
0.0990843356077,4,0.00547816592908
0.0985936698191,4,0.0062299918988
0.0985936698191,4,0.00623001394328
0.0990925145903,4,0.00564144473228
0.0990925145903,4,0.00564154073341
0.0985840964313,4,0.00559584717254
0.0985840964313,4,0.00559583284883
0.0991012661152,4,0.00558095449897
0.0991012661152,4,0.00558095550188
0.09857557979,4,0.00560702477681
0.09857557979,4,0.0056068009901
0.0991158217015,4,0.00547257959098
0.0991158217015,4,0.00547277209583
0.0985637698494,4,0.00556223641918
0.0985637698494,4,0.00556217197451
0.0991223375841,4,0.00570811130856
0.0991223375841,4,0.00570801083303
0.0985550886884,4,0.00568741481228
0.0985550886884,4,0.00568748054385
0.0991316876792,4,0.00535826033986
0.0991316876792,4,0.00535823160731
0.0985464862395,4,0.00561517371819
0.0985464862395,4,0.00561490633144
0.0991393230396,4,0.0059701798818
0.0991393230396,4,0.00597007626473
0.0985431800675,4,0.00550413856531
0.0985431800675,4,0.00550395620118
0.099148799984,4,0.00624359014101
0.099148799984,4,0.00624375690811
0.0985305829901,4,0.00551136793528
0.0985305829901,4,0.0055115130342
0.0991561408645,4,0.00546972242967
0.0991561408645,4,0.00546988695111
0.0985191235919,4,0.00552684026914
0.0985191235919,4,0.00552684426628
0.0991689558725,4,0.00546732711784
0.0991689558725,4,0.0054672803757
0.0985147022807,4,0.00590236477336
0.0985147022807,4,0.00590235412851
0.0985059270618,4,0.00563857927733
0.0985059270618,4,0.00563856944327
0.0991796002023,4,0.00558181379334
0.0991796002023,4,0.0055818323049
0.0984992077173,4,0.00614845137708
0.0984992077173,4,0.00614817129719
0.0991856216236,4,0.00559886608031
0.0991856216236,4,0.00559890025537
0.0984917927545,4,0.00544479287539
0.0984917927545,4,0.00544483427291
0.0991940124351,4,0.00546731013227
0.0991940124351,4,0.00546735690877
0.0984820277807,4,0.00582937608324
0.0984820277807,4,0.005829745307
0.0992046808828,4,0.00589402892871
0.0992046808828,4,0.00589403050986
0.099212724694,4,0.00551133974861
0.099212724694,4,0.00551141864645
0.098470892869,4,0.00574866397344
0.098470892869,4,0.00574852500053
0.0992218041145,4,0.00554182045421
0.0992218041145,4,0.00554182254702
0.0984623344313,4,0.00551352250981
0.0984623344312,4,0.00551345337645
0.0992281268508,4,0.00547374843939
0.0992281268508,4,0.00547375229889
0.0984520609029,4,0.0058549106014
0.0984520609029,4,0.00585459394152
0.0992365224307,4,0.0055968288412
0.0992365224307,4,0.00559681732451
0.0984392257696,4,0.00551199802517
0.0984392257696,4,0.00551197970812
0.0992464643569,4,0.00562893320442
0.0992464643569,4,0.00562898006504
0.0984318507439,4,0.00565682847769
0.0984318507439,4,0.00565674302594
0.0992568563574,4,0.0061097905166
0.0992568563574,4,0.00610978152992
0.0984227563606,4,0.00563826492798
0.0984227563606,4,0.00563811609285
0.0992626562015,4,0.00555071774461
0.0992626562015,4,0.00555058450182
0.0984140891581,4,0.00597685222602
0.0984140891581,4,0.00597701459567
0.0992709760373,4,0.00582232101618
0.0992709760373,4,0.00582233584752
0.0992777304715,4,0.00584921577218
0.0992777304715,4,0.00584938016544
0.0984058027768,4,0.00558872600757
0.0984058027768,4,0.00558860867546
0.0984009333521,4,0.00600094499896
0.0984009333521,4,0.00600050310986
0.0992866817617,4,0.00632578377002
0.0992866817617,4,0.00632593711083
0.0983879588553,4,0.0055753990029
0.0983879588553,4,0.00557557544664
0.0983857449997,4,0.00537119017045
0.0983857449997,4,0.00537121259384
0.0993004441668,4,0.00581683155068
0.0993004441668,4,0.00581677984491
0.0983767999998,4,0.00561263564199
0.0983767999998,4,0.00561255781894
0.0993088610086,4,0.00557695306949
0.0993088610086,4,0.00557693458278
0.0993163585859,4,0.0055342163954
0.0993163585859,4,0.00553417415211
0.0983671787824,4,0.00569475895172
0.0983671787824,4,0.00569480950488
0.0993231392567,4,0.00589159256919
0.0993231392567,4,0.00589161121798
0.0983570854059,4,0.00578716785856
0.0983570854059,4,0.00578713563789
0.0993299165271,4,0.00577252574942
0.0993299165271,4,0.00577258714645
0.0983482699604,4,0.00558120519515
0.0983482699604,4,0.00558111774867
0.0993378295043,4,0.00611486512656
0.0993378295043,4,0.00611456950568
0.0983389368287,4,0.00562114081896
0.0983389368287,4,0.00562109401134
0.0993491235168,4,0.00571345583413
0.0993491235168,4,0.00571347915283
0.0983318740038,4,0.00580470456014
0.0983318740038,4,0.00580455467715
0.099356983352,4,0.00601114918139
0.099356983352,4,0.00601084435614
0.0983188964257,4,0.00616380626761
0.0983188964257,4,0.00616366665348
0.0993696852988,4,0.00562497093173
0.0993696852988,4,0.00562495789717
0.0983109511558,4,0.00565225351131
0.0983109511558,4,0.00565213753673
0.0993757273574,4,0.00551224520928
0.0993757273574,4,0.00551244686278
0.0983058939073,4,0.00553967938202
0.0983058939073,4,0.00553948734625
0.0993864759759,4,0.00536248417494
0.0993864759759,4,0.0053624264012
0.098295447617,4,0.00557149687051
0.098295447617,4,0.00557129114812
0.0993971655031,4,0.00561512445033
0.0993971655031,4,0.00561516674164
0.0982832524895,4,0.00539157656768
0.0982832524895,4,0.0053915936743
0.0994015387328,4,0.00566476607495
0.0994015387328,4,0.00566469946806
0.0982794378748,4,0.00558001617223
0.0982794378748,4,0.00557992773004
0.0994066655398,4,0.00551228270938
0.0994066655398,4,0.00551221411511
0.0982692879332,4,0.00540986070285
0.0982692879332,4,0.00540974180333
0.0994188292992,4,0.00587760550956
0.0994188292992,4,0.00587743953513
0.0982606978252,4,0.00593539272236
0.0982606978252,4,0.0059353991645
0.0994293459986,4,0.005751893846
0.0994293459986,4,0.00575177143113
0.0982530746163,4,0.00576230448141
0.0982530746163,4,0.00576229736255
0.0994351555889,4,0.00606198088764
0.0994351555889,4,0.00606196501778
0.0982443961622,4,0.00588390539439
0.0982443961622,4,0.00588400552804
0.0994453465294,4,0.00554150989747
0.0994453465294,4,0.0055416994341
0.0982372830712,4,0.00563746970771
0.0982372830712,4,0.00563741716039
0.0994525866762,4,0.00552496696315
0.0994525866763,4,0.00552486985559
0.0982312461207,4,0.00594762050524
0.0982312461207,4,0.0059475964582
0.0994576872126,4,0.00557454338056
0.0994576872126,4,0.00557455568965
0.0982197060173,4,0.00578497733451
0.0982197060173,4,0.00578493356365
0.0994649426643,4,0.00569468068793
0.0994649426643,4,0.00569486960779
0.0994757596721,4,0.00555209409007
0.0994757596721,4,0.00555215425028
0.0982069269248,4,0.00570575262105
0.0982069269247,4,0.00570551317456
0.0982027317203,4,0.0057135059359
0.0982027317203,4,0.00571337066358
0.0994862737319,4,0.00567833295596
0.0994862737319,4,0.00567823750681
0.0994913737392,4,0.00572986979914
0.0994913737392,4,0.00572980626467
0.0981900030995,4,0.00551475668628
0.0981900030995,4,0.00551513767318
0.099502007376,4,0.00552850099898
0.099502007376,4,0.00552860794439
0.0981791239384,4,0.00540535665607
0.0981791239384,4,0.00540541043126
0.0995107244457,4,0.00557005358838
0.0995107244457,4,0.00557010791976
0.0981686006324,4,0.00559753724122
0.0981686006324,4,0.00559768787664
0.0995190003142,4,0.00571549162078
0.0995190003142,4,0.00571536217474
0.0981624713873,4,0.00590395810403
0.0981624713873,4,0.00590400069023
0.0981551628031,4,0.00555596958672
0.0981551628031,4,0.00555555512452
0.0995303199428,4,0.00572683924043
0.0995303199428,4,0.00572708337734
0.0995400432983,4,0.00571837445175
0.0995400432983,4,0.00571837543796
0.0981434373395,4,0.00580947374758
0.0981434373395,4,0.00580934632437
0.0995460684109,4,0.00554638400642
0.0995460684109,4,0.00554648008559
0.0981320267928,4,0.00559388738467
0.0981320267928,4,0.00559372845527
0.099554856341,4,0.00554283033162
0.099554856341,4,0.00554286166978
0.0995584014746,4,0.00567052782325
0.0995584014746,4,0.00567062504821
0.0981249600982,4,0.00617254141798
0.0981249600982,4,0.0061725511494
0.0995668589532,4,0.00564403454723
0.0995668589532,4,0.00564416945836
0.0981133505683,4,0.00557331313727
0.0981133505683,4,0.0055734768509
0.0981044728807,4,0.00544796257875
0.0981044728807,4,0.00544816983568
0.099581284725,4,0.00577713313048
0.099581284725,4,0.00577747627684
0.0980969199262,4,0.00545346431782
0.0980969199262,4,0.00545337362465
0.0995895011943,4,0.00541878387004
0.0995895011943,4,0.00541858330421
0.0980922762676,4,0.00614946685192
0.0980922762676,4,0.00614955671376
0.0995960172883,4,0.00558633609419
0.0995960172883,4,0.0055862958025
0.0996038036636,4,0.00566935711062
0.0996038036636,4,0.00566926569604
0.0980787852047,4,0.0056065719666
0.0980787852047,4,0.00560651027842
0.0996087558359,4,0.00565683150254
0.0996087558359,4,0.0056568929242
0.0980690029938,4,0.00627229234633
0.0980690029938,4,0.00627246131961
0.099615329847,4,0.00563955794364
0.099615329847,4,0.00563918721248
0.099623629395,4,0.00551442186036
0.099623629395,4,0.0055147270115
0.0980589298469,4,0.00560069816425
0.0980589298469,4,0.00560061459073
0.099633278912,4,0.00540111712871
0.099633278912,4,0.00540125387787
0.0980495643524,4,0.00564969973686
0.0980495643524,4,0.00564980664639
0.0980434366025,4,0.00571019060027
0.0980434366025,4,0.00571035366289
0.0996470799195,4,0.0054832112984
0.0996470799195,4,0.00548300134153
0.0980342285756,4,0.00542412567736
0.0980342285756,4,0.00542418939166
0.0980315594943,4,0.0054104072493
0.0980315594943,4,0.0054104642045
0.0996535321371,4,0.00539780141256
0.0996535321371,4,0.00539786960826
0.0980205965643,4,0.00555764395829
0.0980205965643,4,0.00555760823629
0.0996647509723,4,0.00558127607484
0.0996647509723,4,0.00558128299527
0.0996723049783,4,0.00549696525631
0.0996723049783,4,0.00549686797123
0.0980084331535,4,0.00569101224762
0.0980084331535,4,0.00569112100655
0.0996769137757,4,0.00549403189819
0.0996769137757,4,0.00549419132584
0.0980014341471,4,0.00564821064436
0.0980014341471,4,0.00564807129468
0.0996858972054,4,0.00572561760106
0.0996858972054,4,0.00572552004106
0.0979907551638,4,0.0054444060181
0.0979907551637,4,0.00544426781392
0.0996976151301,4,0.00574027614583
0.0996976151301,4,0.005740296673
0.0997027092022,4,0.00576342218554
0.0997027092022,4,0.00576340690757
0.097980398588,4,0.00562253713823
0.097980398588,4,0.00562248686734
0.0979739047331,4,0.00550468851476
0.097973904733,4,0.00550486790188
0.0988423182472,5,0.00559768855396
0.0988423182472,5,0.00559768851255
0.098847859179,5,0.00562112319767
0.098847859179,5,0.00562113239784
0.0988324135819,5,0.005837653365
0.0988324135819,5,0.00583770025778
0.0988540717083,5,0.00575079863155
0.0988540717083,5,0.00575089349299
0.0988263234388,5,0.00619417844461
0.0988263234388,5,0.00619419706528
0.0988645841059,5,0.00545766783345
0.0988645841059,5,0.00545765158969
0.098818960455,5,0.0057672747224
0.098818960455,5,0.00576725383929
0.0988073534549,5,0.00560752338154
0.0988073534549,5,0.00560742682271
0.098877021259,5,0.00555482114851
0.098877021259,5,0.00555495635839
0.0988851096916,5,0.00574469356447
0.0988851096916,5,0.00574480657022
0.0987967505806,5,0.00580615899245
0.0987967505806,5,0.00580612025859
0.0988894685426,5,0.00554722464607
0.0988894685426,5,0.00554734106893
0.0987854755923,5,0.00544461476459
0.0987854755923,5,0.0054447686853
0.0988988586878,5,0.00584427924338
0.0988988586878,5,0.00584431376062
0.0989040911387,5,0.00581348621374
0.0989040911387,5,0.00581338644463
0.0987758967896,5,0.00569569117073
0.0987758967896,5,0.00569569326916
0.0987694350814,5,0.00572384581005
0.0987694350814,5,0.00572385320008
0.098915329738,5,0.00566132222813
0.098915329738,5,0.00566126500626
0.0989196870149,5,0.00589861421563
0.0989196870149,5,0.00589860768186
0.0989294016568,5,0.00590747965973
0.0989294016568,5,0.00590744168724
0.098753869768,5,0.00585130456713
0.098753869768,5,0.00585130440313
0.0987468781345,5,0.00559201725063
0.0987468781345,5,0.00559174502354
0.0989395753732,5,0.00566007931797
0.0989395753732,5,0.0056602336909
0.0987395777829,5,0.00588790503742
0.0987395777829,5,0.00588803507842
0.0989505415836,5,0.00570197115827
0.0989505415836,5,0.00570177305139
0.0987321310685,5,0.00549234124961
0.0987321310685,5,0.00549240983522
0.0989611166327,5,0.00647137899426
0.0989611166327,5,0.006471314319
0.0987206490824,5,0.00592092466774
0.0987206490824,5,0.00592090027468
0.0989704899418,5,0.0055469677932
0.0989704899418,5,0.00554686199553
0.0987120857902,5,0.00592318059178
0.0987120857902,5,0.00592308513572
0.098980649731,5,0.0055528263015
0.098980649731,5,0.00555272638631
0.0987002809627,5,0.00546468627272
0.0987002809627,5,0.00546451867971
0.0989846777439,5,0.00550538042753
0.0989846777439,5,0.00550536936583
0.098693237398,5,0.00570754374913
0.098693237398,5,0.00570732683374
0.0989929668883,5,0.00561807138448
0.0989929668883,5,0.00561810642056
0.0986847200821,5,0.00557631886709
0.0986847200821,5,0.0055763129289
0.0990026586429,5,0.00566556681297
0.0990026586429,5,0.00566568346228
0.0986742565168,5,0.00585193145055
0.0986742565168,5,0.00585186762879
0.0990129939395,5,0.00591312291629
0.0990129939395,5,0.00591299365829
0.0986659422831,5,0.00565612929652
0.0986659422831,5,0.00565621109454
0.0990217797998,5,0.00545948028841
0.0990217797998,5,0.00545930947506
0.0986594109795,5,0.00587253997702
0.0986594109795,5,0.00587253562413
0.0990287603176,5,0.00549610619754
0.0990287603176,5,0.00549637732827
0.098646237549,5,0.00552961119269
0.098646237549,5,0.00552961251355
0.0990399266926,5,0.00547610058056
0.0990399266926,5,0.00547604193969
0.0986418140418,5,0.00566112328314
0.0986418140417,5,0.00566100067181
0.0990480331572,5,0.0057820585152
0.0990480331572,5,0.00578199008439
0.0986330414352,5,0.00549501726002
0.0986330414352,5,0.00549483036319
0.0990570793276,5,0.00594980865714
0.0990570793276,5,0.00594963828301
0.0990643299075,5,0.00568117186855
0.0990643299075,5,0.00568085774239
0.0986192766484,5,0.00580883839228
0.0986192766484,5,0.00580900766455
0.0990707090317,5,0.00573906955434
0.0990707090317,5,0.00573917152275
0.0986111946074,5,0.0055901313137
0.0986111946074,5,0.00559020602675
0.0986031327567,5,0.005593798626
0.0986031327567,5,0.00559380789302
0.0990813147892,5,0.0054480996171
0.0990813147892,5,0.00544834322267
0.0990860152583,5,0.00560615439091
0.0990860152583,5,0.00560615080477
0.0985951858637,5,0.00547631215974
0.0985951858637,5,0.00547639667492
0.0985864968563,5,0.00543721013085
0.0985864968563,5,0.00543727972317
0.099100565968,5,0.00586745944621
0.0991005659681,5,0.00586738701503
0.0985787012073,5,0.00552207098625
0.0985787012073,5,0.00552219653385
0.0991084402769,5,0.00565648974522
0.0991084402769,5,0.00565679866448
0.099114783212,5,0.00566100871508
0.099114783212,5,0.00566110570581
0.0985686838104,5,0.00557553527911
0.0985686838104,5,0.005575628136
0.0991203671409,5,0.00569850536629
0.0991203671409,5,0.00569837678199
0.0985609840898,5,0.00607804947596
0.0985609840898,5,0.00607808319294
0.0985537283333,5,0.00577385555121
0.0985537283333,5,0.0057739920699
0.0991330664103,5,0.00555969612219
0.0991330664103,5,0.0055598490935
0.0985480252935,5,0.00562445100446
0.0985480252935,5,0.00562450542816
0.0991408488369,5,0.00575537409851
0.0991408488369,5,0.00575545876901
0.0985350386161,5,0.00584425150353
0.0985350386161,5,0.00584429237852
0.0991492491154,5,0.00563270914028
0.0991492491154,5,0.00563277683614
0.098530845605,5,0.00561075706395
0.098530845605,5,0.00561075840336
0.0991570396758,5,0.0055248235054
0.0991570396758,5,0.00552488978275
0.0985242264039,5,0.00572086004105
0.0985242264039,5,0.00572101757386
0.0991645381296,5,0.00545234608055
0.0991645381296,5,0.00545233418616
0.09851085451,5,0.00571031533118
0.09851085451,5,0.00571056926862
0.0991761140674,5,0.00613107604127
0.0991761140674,5,0.00613118755831
0.0991825050153,5,0.00586296120551
0.0991825050153,5,0.00586286496885
0.0985010571932,5,0.00574449526009
0.0985010571932,5,0.00574455118319
0.0984984011134,5,0.00617925259855
0.0984984011134,5,0.00617918605492
0.0991926054044,5,0.00555721307634
0.0991926054044,5,0.00555739660301
0.0984891392929,5,0.00591535878594
0.0984891392929,5,0.00591577394346
0.0992023295731,5,0.00557924716819
0.0992023295731,5,0.00557934754004
0.098478943512,5,0.00580764743312
0.098478943512,5,0.00580776806714
0.0992111239793,5,0.00576821584776
0.0992111239793,5,0.00576809545877
0.0984718297016,5,0.0057197386289
0.0984718297016,5,0.00572009562589
0.0992206954785,5,0.00582073043558
0.0992206954785,5,0.00582051071643
0.0984608371712,5,0.0060183226522
0.0984608371712,5,0.0060180875955
0.0984550565154,5,0.00559565695912
0.0984550565154,5,0.00559578035846
0.0992305808058,5,0.0055816694011
0.0992305808058,5,0.00558159332979
0.0984434651767,5,0.0056743945111
0.0984434651767,5,0.00567459548757
0.0992409820128,5,0.00602822919747
0.0992409820128,5,0.0060282808126
0.0984367286177,5,0.00596584413334
0.0984367286177,5,0.0059662153108
0.0992494542785,5,0.00572206789008
0.0992494542785,5,0.00572209583846
0.0992534382949,5,0.00552874772579
0.0992534382949,5,0.00552872130432
0.0984228881269,5,0.00571066474419
0.0984228881269,5,0.00571077072044
0.099267617027,5,0.0058062900248
0.099267617027,5,0.00580627676282
0.0984155295032,5,0.00539346334572
0.0984155295032,5,0.00539339077612
0.0992725524793,5,0.00592997972811
0.0992725524793,5,0.00593006379047
0.0984045500516,5,0.00566151777083
0.0984045500516,5,0.00566152003577
0.0992807818226,5,0.00602029927256
0.0992807818226,5,0.00601992440949
0.0983956550762,5,0.00556253422224
0.0983956550762,5,0.00556245704804
0.0992897194074,5,0.0055716064336
0.0992897194074,5,0.00557151740552
0.0983845567261,5,0.00583148576048
0.0983845567261,5,0.00583132805954
0.099300392107,5,0.00570942798565
0.099300392107,5,0.00570930938879
0.0983789981314,5,0.00574966380746
0.0983789981314,5,0.00574963388236
0.0993099487197,5,0.00591779207455
0.0993099487197,5,0.00591767739003
0.0983694469325,5,0.00581562819585
0.0983694469325,5,0.00581546477002
0.0993188561656,5,0.00611273402847
0.0993188561656,5,0.00611272858933
0.0983617463814,5,0.00545604118435
0.0983617463814,5,0.00545620567643
0.0993266291264,5,0.00557537788218
0.0993266291264,5,0.00557533391482
0.0983543095528,5,0.00564320154198
0.0983543095528,5,0.00564323698938
0.0993345099908,5,0.00556987522666
0.0993345099908,5,0.00556998859042
0.0983473419386,5,0.00565334076654
0.0983473419386,5,0.00565358200515
0.0993417377319,5,0.00555503183996
0.0993417377319,5,0.00555508913616
0.098339936065,5,0.00554547401102
0.098339936065,5,0.00554531131849
0.098329749014,5,0.00565501890659
0.098329749014,5,0.00565505375968
0.0993551524465,5,0.00553612137008
0.0993551524465,5,0.00553596010354
0.0983193650584,5,0.00586619928877
0.0983193650584,5,0.00586647130813
0.0993648646056,5,0.00565772622717
0.0993648646056,5,0.00565780190827
0.099369852821,5,0.00597225299811
0.099369852821,5,0.00597217157866
0.0983100259106,5,0.00553040149689
0.0983100259106,5,0.00553036148663
0.0993786652453,5,0.00557021842614
0.0993786652453,5,0.00557022927248
0.098298537987,5,0.00559728006582
0.098298537987,5,0.00559725314663
0.0993911401506,5,0.00584301155597
0.0993911401506,5,0.00584289525366
0.0982927442709,5,0.00550434536681
0.0982927442709,5,0.00550431241356
0.0994004840634,5,0.00560032209287
0.0994004840634,5,0.00560037127737
0.0982835299883,5,0.00563190148159
0.0982835299883,5,0.00563169855784
0.0994067351742,5,0.00569514294218
0.0994067351742,5,0.00569506351774
0.0982725548,5,0.00599983707424
0.0982725548,5,0.00599998968014
0.0982646832681,5,0.00560280066267
0.0982646832681,5,0.00560286315417
0.0994200704151,5,0.00564623495303
0.0994200704151,5,0.00564631321756
0.098261870462,5,0.00581873884835
0.098261870462,5,0.00581862085649
0.0994253737119,5,0.00587702808708
0.0994253737119,5,0.00587673481737
0.0994389268418,5,0.00571351268421
0.0994389268418,5,0.00571368697582
0.0982450056345,5,0.00552491182011
0.0982450056345,5,0.00552502103013
0.0982403146919,5,0.00588752935661
0.0982403146919,5,0.0058872805562
0.0994466849156,5,0.00576050323997
0.0994466849156,5,0.0057604330048
0.0982339572874,5,0.00689790361475
0.0982339572874,5,0.00689822808569
0.0994530255233,5,0.00544364760989
0.0994530255233,5,0.00544347384528
0.0982255307532,5,0.00559480867701
0.0982255307532,5,0.00559482806659
0.0994639297068,5,0.00557660668735
0.0994639297068,5,0.00557682915397
0.0982166858164,5,0.00539512021887
0.0982166858164,5,0.00539514202291
0.0994710532392,5,0.00542247562946
0.0994710532392,5,0.00542240096997
0.0982106566229,5,0.00595793380439
0.0982106566229,5,0.00595770387684
0.0994788564878,5,0.00604803014072
0.0994788564878,5,0.00604791018055
0.0982012565951,5,0.00573343340642
0.0982012565951,5,0.00573345444177
0.0994905034619,5,0.00559697759118
0.0994905034619,5,0.00559685875706
0.0981914411172,5,0.00557360551197
0.0981914411172,5,0.00557362617013
0.0994984684316,5,0.00549214503068
0.0994984684316,5,0.00549189723024
0.0981857012365,5,0.00551262112866
0.0981857012364,5,0.00551260118076
0.0995034651842,5,0.00629529795952
0.0995034651842,5,0.00629519776111
0.0981768476388,5,0.00551560313909
0.0981768476388,5,0.00551558287367
0.099513166033,5,0.00560781425934
0.099513166033,5,0.00560786853973
0.0995187160542,5,0.00578566132677
0.0995187160542,5,0.0057858389365
0.0981635435016,5,0.00550742288874
0.0981635435016,5,0.00550753655589
0.0995236777856,5,0.00547933734991
0.0995236777856,5,0.0054795456484
0.0981584134307,5,0.00612706818654
0.0981584134307,5,0.00612716670027
0.0981510695983,5,0.00565584764653
0.0981510695983,5,0.00565588558895
0.0995353976538,5,0.00584459814075
0.0995353976538,5,0.00584487703112
0.098142425546,5,0.00565376967116
0.098142425546,5,0.00565385572972
0.0995469593947,5,0.00591471176544
0.0995469593947,5,0.00591424792684
0.0981370833535,5,0.00586966810815
0.0981370833535,5,0.00586974342023
0.0981320472903,5,0.00568633661973
0.0981320472903,5,0.0056861135593
0.0995567469385,5,0.00556827150093
0.0995567469385,5,0.00556824314437
0.0995611482446,5,0.00558008752945
0.0995611482446,5,0.00558005457439
0.098116717464,5,0.00582844355601
0.098116717464,5,0.00582856765185
0.0995676251156,5,0.00545330044848
0.0995676251156,5,0.0054531943088
0.0981107406611,5,0.00571972022826
0.0981107406611,5,0.0057197302072
0.0995781235226,5,0.00553273413895
0.0995781235226,5,0.0055327308041
0.0981036653575,5,0.00547889293142
0.0981036653575,5,0.00547890564637
0.0995879740368,5,0.00553943329725
0.0995879740368,5,0.00553949431189
0.0980916842615,5,0.00550170640687
0.0980916842615,5,0.00550184916294
0.0995961959623,5,0.0055171992046
0.0995961959623,5,0.00551692458327
0.0980856693741,5,0.00618462581286
0.0980856693741,5,0.00618464309026
0.0996030957133,5,0.00579116582654
0.0996030957133,5,0.00579145951556
0.0980713809099,5,0.00558864415604
0.0980713809099,5,0.00558873508655
0.0996152450942,5,0.0055784866393
0.0996152450942,5,0.00557826151191
0.0980661011658,5,0.0056725241058
0.0980661011658,5,0.00567230763285
0.0980592241203,5,0.00581896693724
0.0980592241202,5,0.00581907110581
0.0996255147208,5,0.00540578455445
0.0996255147208,5,0.00540578637488
0.0996350935404,5,0.00566640332356
0.0996350935404,5,0.00566659777222
0.0980447045642,5,0.0054247231994
0.0980447045642,5,0.00542496172909
0.0996415539375,5,0.00584177217258
0.0996415539375,5,0.00584159050551
0.098036328845,5,0.00549710050943
0.098036328845,5,0.00549723862949
0.0996517354557,5,0.00567230035174
0.0996517354557,5,0.00567257215063
0.0980307146823,5,0.00575092614662
0.0980307146823,5,0.00575101598601
0.0996568979517,5,0.00584998309682
0.0996568979518,5,0.00585012416058
0.0980226921604,5,0.00544001937851
0.0980226921604,5,0.00543992098226
0.0996674341031,5,0.00602864746065
0.0996674341031,5,0.00602882510305
0.0980160547962,5,0.00595455862286
0.0980160547962,5,0.00595456161678
0.0996762272616,5,0.00597286323012
0.0996762272616,5,0.00597331719971
0.0980045255316,5,0.00563493966169
0.0980045255316,5,0.00563515643532
0.0979988906886,5,0.00577357177886
0.0979988906886,5,0.00577369896062
0.0996853243455,5,0.00536206632427
0.0996853243455,5,0.00536186523755
0.0979882801492,5,0.00567339788726
0.0979882801492,5,0.00567333102063
0.0996974521067,5,0.00586168766408
0.0996974521067,5,0.00586166220864
0.0979799931919,5,0.00551357037824
0.0979799931919,5,0.00551390499435
0.0997079831824,5,0.00610671272387
0.0997079831824,5,0.00610628841844
0.097968557656,5,0.00557098026254
0.097968557656,5,0.0055709979145
0.0988427758552,6,0.00603510655533
0.0988427758552,6,0.00603510673004
0.0988347222637,6,0.00564345022307
0.0988347222637,6,0.00564346068945
0.0988529371052,6,0.00614521131319
0.0988529371052,6,0.00614520918166
0.098824851556,6,0.00573153153128
0.098824851556,6,0.00573152922301
0.0988205711732,6,0.00553602182754
0.0988205711732,6,0.00553603138492
0.0988651815927,6,0.00560102415389
0.0988651815927,6,0.0056010467912
0.0988140965528,6,0.0055365574539
0.0988140965528,6,0.00553650626406
0.0988729476693,6,0.00607724357563
0.0988729476693,6,0.00607723177226
0.0988083059569,6,0.00541869372417
0.0988083059569,6,0.00541865382733
0.0988050823824,6,0.00534895357457
0.0988050823824,6,0.00534894677965
0.0988812376355,6,0.00599260992417
0.0988812376355,6,0.0059925845451
0.0988928068114,6,0.00567257572147
0.0988928068114,6,0.0056725805782
0.0987891184577,6,0.0055980971729
0.0987891184577,6,0.00559808533565
0.0989002887216,6,0.00540404924246
0.0989002887216,6,0.00540404935675
0.0987788952771,6,0.00569269350668
0.0987788952771,6,0.00569271604593
0.0989068621126,6,0.00571291294352
0.0989068621126,6,0.00571290535776
0.098773044267,6,0.0059108620559
0.098773044267,6,0.00591086302206
0.0989160774223,6,0.0058966389057
0.0989160774223,6,0.00589644241129
0.0987633427113,6,0.00552960838249
0.0987633427113,6,0.00552958159685
0.098925757099,6,0.00546321676543
0.098925757099,6,0.00546321391471
0.0989312207778,6,0.00568122080002
0.0989312207778,6,0.00568123352759
0.0987529037332,6,0.00574574272776
0.0987529037332,6,0.00574559192976
0.0987441286715,6,0.00564651736068
0.0987441286715,6,0.00564648881155
0.0989442571983,6,0.00585851834551
0.0989442571983,6,0.0058584428007
0.0987373721935,6,0.00542661253348
0.0987373721935,6,0.00542660910932
0.0989512105716,6,0.00560390298231
0.0989512105716,6,0.0056038934138
0.0987314460325,6,0.00537272928682
0.0987314460325,6,0.00537273618593
0.0989608594175,6,0.00551498366753
0.0989608594175,6,0.00551504452224
0.0987187659254,6,0.00543563645374
0.0987187659254,6,0.00543568663146
0.0989722646946,6,0.00548812959253
0.0989722646946,6,0.00548810776425
0.0987118165498,6,0.00555779122586
0.0987118165498,6,0.00555776060455
0.0987074346597,6,0.00554809201376
0.0987074346597,6,0.00554806868014
0.0989881300235,6,0.00600339343742
0.0989881300235,6,0.0060034504998
0.0986935856121,6,0.00601611035983
0.0986935856121,6,0.00601615149501
0.0989919036356,6,0.00569362286296
0.0989919036356,6,0.00569351687825
0.0986866342501,6,0.00539921629457
0.0986866342501,6,0.00539920689613
0.0989999407297,6,0.00546868342037
0.0989999407297,6,0.00546884303877
0.0990069694798,6,0.00590109416535
0.0990069694798,6,0.00590139358084
0.0986760254518,6,0.00560272214124
0.0986760254518,6,0.00560268131005
0.0986704360352,6,0.0058022522275
0.0986704360352,6,0.00580224158071
0.0990219265272,6,0.00539485308791
0.0990219265272,6,0.00539499458597
0.0986618468466,6,0.00561508927896
0.0986618468466,6,0.00561511454956
0.0990310281738,6,0.00562853859935
0.0990310281738,6,0.00562859915569
0.0986500451501,6,0.00593759120334
0.0986500451501,6,0.00593742208229
0.09903990564,6,0.00570504778444
0.09903990564,6,0.00570540435053
0.0986414251407,6,0.00552888637829
0.0986414251407,6,0.00552886607579
0.0990475234165,6,0.00590655999106
0.0990475234165,6,0.00590671042298
0.0986336206513,6,0.00567905667036
0.0986336206513,6,0.0056791495074
0.0990543108498,6,0.00547017567598
0.0990543108498,6,0.00547018538994
0.098626771208,6,0.00535913814856
0.098626771208,6,0.00535912336187
0.0990655524949,6,0.00701305787626
0.0990655524949,6,0.0070127953994
0.0986145364904,6,0.00571039814275
0.0986145364904,6,0.00571040821913
0.0990725325324,6,0.005801495582
0.0990725325324,6,0.00580155902567
0.0986079761506,6,0.00541484244015
0.0986079761506,6,0.00541484670388
0.0986031072898,6,0.00584808977735
0.0986031072898,6,0.00584781579793
0.0990849693581,6,0.00536396245392
0.0990849693581,6,0.00536394343788
0.0985919895322,6,0.00581939183183
0.0985919895322,6,0.00581935005098
0.0990941449807,6,0.00689794527405
0.0990941449807,6,0.00689782072641
0.0985818337382,6,0.00576326680241
0.0985818337382,6,0.00576299060861
0.0991033866361,6,0.00551147658678
0.0991033866361,6,0.00551141114127
0.0991114944757,6,0.00538722643067
0.0991114944757,6,0.00538727892635
0.0985671293224,6,0.00561344493592
0.0985671293224,6,0.00561355170334
0.0985647813216,6,0.00591848502299
0.0985647813216,6,0.00591850982067
0.0991203904487,6,0.00554646679544
0.0991203904487,6,0.00554646812505
0.0991257148969,6,0.00558319668926
0.0991257148969,6,0.00558311091126
0.0985554328931,6,0.00564164444058
0.0985554328931,6,0.00564159135373
0.0991368849739,6,0.00559587382305
0.0991368849739,6,0.00559586196426
0.0985452946827,6,0.00578250855673
0.0985452946827,6,0.00578249813987
0.0985375245126,6,0.00551075508656
0.0985375245126,6,0.00551073824964
0.0991474231422,6,0.00600405802961
0.0991474231422,6,0.00600406499875
0.0991551094583,6,0.00545243780979
0.0991551094583,6,0.00545234766541
0.0985250533837,6,0.00583285330651
0.0985250533837,6,0.0058329345677
0.0991636143007,6,0.00571333693714
0.0991636143007,6,0.00571352830139
0.0985174656801,6,0.00671601074464
0.0985174656801,6,0.0067160088565
0.099172358819,6,0.00694705339803
0.099172358819,6,0.00694705694734
0.0985070390821,6,0.00573140251453
0.0985070390821,6,0.00573127966067
0.099180641596,6,0.00595981591471
0.099180641596,6,0.00595975766525
0.0984975940714,6,0.00552793040459
0.0984975940714,6,0.00552795030556
0.09918930075,6,0.00580790004274
0.09918930075,6,0.00580788246686
0.0984929672698,6,0.00588273751194
0.0984929672698,6,0.00588258101059
0.0984870433544,6,0.00574351851408
0.0984870433544,6,0.00574359329469
0.0992003897896,6,0.00559930231374
0.0992003897896,6,0.00559926210334
0.0992042740063,6,0.00638365185175
0.0992042740063,6,0.00638340552452
0.0984752651916,6,0.0055440680546
0.0984752651916,6,0.0055439351946
0.0984670877829,6,0.00552664491337
0.0984670877829,6,0.00552713126609
0.0992182800081,6,0.00574245191988
0.0992182800081,6,0.00574254925533
0.0992255905943,6,0.00609087927995
0.0992255905943,6,0.00609082416657
0.098456773188,6,0.00579199227604
0.098456773188,6,0.00579207970465
0.0992334101385,6,0.00568635179006
0.0992334101385,6,0.00568623766356
0.0984481617729,6,0.00576738764588
0.0984481617729,6,0.00576740687662
0.0992412957249,6,0.00551748959214
0.0992412957249,6,0.00551751818455
0.0984389568914,6,0.00584708939297
0.0984389568914,6,0.00584711782119
0.099249181752,6,0.00555191858129
0.099249181752,6,0.00555176900183
0.0984269031805,6,0.00540866920571
0.0984269031805,6,0.00540869161563
0.0992629766389,6,0.00579590624051
0.0992629766389,6,0.00579570850754
0.0984205452592,6,0.00554725800166
0.0984205452592,6,0.00554710734683
0.0984117519867,6,0.00569634925057
0.0984117519867,6,0.00569650347995
0.0992769085429,6,0.00547740849432
0.0992769085429,6,0.00547736864814
0.0984056251055,6,0.00552638112187
0.0984056251055,6,0.00552662930409
0.0992848604295,6,0.00529115520107
0.0992848604295,6,0.00529099604178
0.098397248872,6,0.0058821799363
0.098397248872,6,0.00588246914419
0.0992893411167,6,0.00562090559243
0.0992893411167,6,0.00562083724702
0.099297531742,6,0.00560070702171
0.099297531742,6,0.00560063224982
0.0983854991585,6,0.0056276728751
0.0983854991585,6,0.00562759937875
0.0993071352761,6,0.00561577172041
0.0993071352761,6,0.00561555788426
0.0983746869692,6,0.00561827382535
0.0983746869692,6,0.00561845707167
0.0993138201139,6,0.00566281729153
0.0993138201139,6,0.00566268411125
0.0983686044707,6,0.00595603926626
0.0983686044707,6,0.0059563928488
0.0993221932458,6,0.00575392062837
0.0993221932458,6,0.00575376626912
0.0983595555467,6,0.00570621186116
0.0983595555467,6,0.00570647695964
0.0993270609569,6,0.00560482753301
0.0993270609569,6,0.00560488854075
0.0983514142875,6,0.00555628146223
0.0983514142875,6,0.00555616962938
0.0993396443191,6,0.00557421334396
0.0993396443191,6,0.00557401465181
0.0983425506762,6,0.00577380860019
0.0983425506762,6,0.00577386275171
0.0993507753169,6,0.00545228151939
0.0993507753169,6,0.00545230745395
0.0983308770235,6,0.00563902899766
0.0983308770235,6,0.00563893321898
0.0993611790087,6,0.006095104766
0.0993611790087,6,0.00609510149053
0.0983223292461,6,0.00556710308012
0.0983223292461,6,0.00556711042221
0.0983156691903,6,0.00625125981146
0.0983156691903,6,0.00625130142435
0.0993705093068,6,0.00548826989841
0.0993705093068,6,0.00548817668414
0.0983105934817,6,0.0059553882366
0.0983105934817,6,0.00595535185886
0.099376772818,6,0.00593196921073
0.099376772818,6,0.00593198769967
0.0983045337613,6,0.00612106503128
0.0983045337613,6,0.00612124212858
0.0993835590657,6,0.0054877475559
0.0993835590657,6,0.00548783103243
0.0982926641861,6,0.00541388384625
0.0982926641861,6,0.00541394510226
0.099393093231,6,0.00557791641233
0.099393093231,6,0.0055781215677
0.0993992704103,6,0.00567533397144
0.0993992704103,6,0.00567564387381
0.0982813364456,6,0.0054063957078
0.0982813364456,6,0.0054065251908
0.0994057133123,6,0.00546025181557
0.0994057133123,6,0.0054599507602
0.0982746539489,6,0.00549088145052
0.0982746539489,6,0.00549058956034
0.0994097257866,6,0.00574501998101
0.0994097257866,6,0.00574502697326
0.0982647620445,6,0.00601876414616
0.0982647620445,6,0.00601899155284
0.0994217616034,6,0.00560746413127
0.0994217616034,6,0.00560750723625
0.0982576335469,6,0.00610374263961
0.0982576335469,6,0.00610387941837
0.0994355441673,6,0.0054321127211
0.0994355441673,6,0.00543189573479
0.0982428846713,6,0.00587064163667
0.0982428846713,6,0.00587057650198
0.0994415415214,6,0.00618328936865
0.0994415415214,6,0.00618357385405
0.0982374660225,6,0.00566720874808
0.0982374660225,6,0.00566731274899
0.099447743713,6,0.00543038086551
0.099447743713,6,0.00543021559792
0.098230067991,6,0.00591266808282
0.098230067991,6,0.00591278842249
0.0994605123856,6,0.00607666494728
0.0994605123856,6,0.00607675969184
0.0982220125383,6,0.00559335465857
0.0982220125383,6,0.00559337942513
0.0994699641939,6,0.00565528891898
0.0994699641939,6,0.00565529164109
0.0982081310133,6,0.0059718418037
0.0982081310133,6,0.00597206095302
0.0982047976159,6,0.00561878865516
0.0982047976159,6,0.00561891581071
0.099480572699,6,0.00553423254876
0.099480572699,6,0.00553418904188
0.0994870285751,6,0.00577585606083
0.0994870285751,6,0.00577586615538
0.0981964967187,6,0.00596250061668
0.0981964967187,6,0.0059624676961
0.0981889248023,6,0.00558026303209
0.0981889248023,6,0.00558013853404
0.0994989389004,6,0.00603121971702
0.0994989389004,6,0.00603129590682
0.0981773048582,6,0.00548797301879
0.0981773048582,6,0.00548820513232
0.0995090283969,6,0.00611912879247
0.0995090283969,6,0.00611901701156
0.098173174312,6,0.00638148971109
0.098173174312,6,0.00638150266715
0.0995177003222,6,0.00574902033841
0.0995177003222,6,0.00574868488397
0.0981636460752,6,0.00534797541583
0.0981636460752,6,0.00534791561656
0.0995248597044,6,0.00619902049624
0.0995248597044,6,0.00619903011723
0.0981543383988,6,0.00584151233029
0.0981543383988,6,0.00584152143549
0.0995340065894,6,0.00557601005285
0.0995340065894,6,0.00557602237835
0.0981398954513,6,0.00552299183058
0.0981398954513,6,0.00552295211382
0.0995457321672,6,0.00567684293626
0.0995457321672,6,0.00567686575779
0.0995516181515,6,0.0054860391889
0.0995516181515,6,0.00548604032069
0.0981318713457,6,0.00554556351626
0.0981318713457,6,0.00554546781445
0.0995586629323,6,0.005938059
0.0995586629323,6,0.00593811375656
0.0981244789922,6,0.00587477947564
0.0981244789922,6,0.00587509389998
0.0995648600117,6,0.00553436089084
0.0995648600117,6,0.00553409470938
0.0995721238877,6,0.00598125667868
0.0995721238877,6,0.0059811827816
0.0981080132601,6,0.00567449944835
0.0981080132601,6,0.00567467770502
0.0981016883735,6,0.00586987447453
0.0981016883735,6,0.00586994678046
0.0995826015076,6,0.00551804554163
0.0995826015076,6,0.00551805903254
0.0980948719489,6,0.00571516188894
0.0980948719489,6,0.00571488020727
0.0995919608896,6,0.00589400597627
0.0995919608896,6,0.00589405901361
0.0980892104822,6,0.00564650636327
0.0980892104822,6,0.00564655473139
0.0996012232574,6,0.00585390294153
0.0996012232574,6,0.00585406472952
0.0980815550725,6,0.0058959317763
0.0980815550725,6,0.00589606878734
0.09961009298,6,0.00568639785627
0.09961009298,6,0.00568645843678
0.09807244601,6,0.00540242867774
0.09807244601,6,0.00540250125464
0.0980671096361,6,0.00585835203118
0.0980671096361,6,0.00585839484326
0.0996175681686,6,0.00556404821313
0.0996175681686,6,0.00556362278436
0.0996269037084,6,0.00572256266712
0.0996269037084,6,0.00572229320213
0.0980521420986,6,0.00602946196928
0.0980521420986,6,0.00602946364443
0.0996342665811,6,0.00543578969532
0.0996342665811,6,0.00543578078027
0.0980463872461,6,0.00579800230149
0.0980463872461,6,0.00579776280575
0.0996450188483,6,0.0053766650109
0.0996450188483,6,0.00537672224192
0.0980374419913,6,0.00581768933607
0.0980374419913,6,0.00581772333151
0.0980300084873,6,0.00557145414795
0.0980300084873,6,0.00557132382458
0.099654329259,6,0.00535209532932
0.099654329259,6,0.00535186750112
0.0980174380639,6,0.00574122560487
0.0980174380639,6,0.00574124113601
0.0996668071502,6,0.00585026181839
0.0996668071502,6,0.00584997786936
0.0996719833781,6,0.00559135509634
0.0996719833781,6,0.00559135682089
0.0980114737964,6,0.00577411213889
0.0980114737964,6,0.0057742215055
0.0980039771537,6,0.00548530900282
0.0980039771537,6,0.0054856315281
0.0996821804251,6,0.0057741472574
0.0996821804251,6,0.00577434723374
0.0979942144698,6,0.00588016689619
0.0979942144698,6,0.00588016601309
0.0996912524234,6,0.0056479006988
0.0996912524234,6,0.00564810852358
0.0996960741352,6,0.00557748676412
0.0996960741352,6,0.00557760262481
0.0979850860363,6,0.0057044630579
0.0979850860363,6,0.00570461945554
0.099709676251,6,0.00564735856494
0.099709676251,6,0.00564736203343
0.0979720895284,6,0.00608180130647
0.0979720895284,6,0.00608181153238
0.0997162591785,6,0.00542481064686
0.0997162591785,6,0.00542475697103
0.0979642113615,6,0.00608808929516
0.0979642113615,6,0.00608807395774
