{
"L" : 400,
"th" : [0.01, 0.125, 0.25],
"W" : [0.],
"E_edges" : [1.0e-10, 1.2589254117941662e-10, 1.584893192461111e-10, 1.9952623149688828e-10, 2.511886431509582e-10, 3.1622776601683795e-10, 3.9810717055349694e-10, 5.011872336272714e-10, 6.309573444801942e-10, 7.943282347242822e-10, 1.0e-9, 1.2589254117941663e-9, 1.584893192461111e-9, 1.9952623149688828e-9, 2.511886431509582e-9, 3.1622776601683795e-9, 3.981071705534969e-9, 5.011872336272715e-9, 6.309573444801943e-9, 7.943282347242822e-9, 1.0e-8, 1.2589254117941661e-8, 1.5848931924611143e-8, 1.9952623149688786e-8, 2.511886431509582e-8, 3.162277660168379e-8, 3.981071705534969e-8, 5.011872336272725e-8, 6.30957344480193e-8, 7.943282347242822e-8, 1.0e-7, 1.2589254117941662e-7, 1.584893192461114e-7, 1.9952623149688787e-7, 2.5118864315095823e-7, 3.162277660168379e-7, 3.981071705534969e-7, 5.011872336272725e-7, 6.30957344480193e-7, 7.943282347242822e-7, 1.0e-6, 1.2589254117941661e-6, 1.584893192461114e-6, 1.9952623149688787e-6, 2.5118864315095823e-6, 3.162277660168379e-6, 3.981071705534969e-6, 5.011872336272725e-6, 6.30957344480193e-6, 7.943282347242822e-6, 1.0e-5, 1.2589254117941661e-5, 1.584893192461114e-5, 1.9952623149688786e-5, 2.5118864315095822e-5, 3.1622776601683795e-5, 3.9810717055349695e-5, 5.011872336272725e-5, 6.309573444801929e-5, 7.943282347242822e-5, 0.0001, 0.00012589254117941674, 0.00015848931924611142, 0.00019952623149688788, 0.00025118864315095795, 0.00031622776601683794, 0.00039810717055349735, 0.0005011872336272725, 0.000630957344480193, 0.0007943282347242813, 0.001, 0.0012589254117941675, 0.001584893192461114, 0.001995262314968879, 0.0025118864315095794, 0.0031622776601683794, 0.003981071705534973, 0.005011872336272725, 0.00630957344480193, 0.007943282347242814, 0.01, 0.012589254117941675, 0.015848931924611134, 0.0199526231496888, 0.025118864315095794, 0.03162277660168379, 0.039810717055349734, 0.05011872336272722, 0.06309573444801933, 0.07943282347242814, 0.1, 0.12589254117941673, 0.15848931924611134, 0.19952623149688797, 0.251188643150958, 0.31622776601683794, 0.3981071705534972, 0.5011872336272722, 0.6309573444801932, 0.7943282347242815, 1.0],
"V" : 1.,
"seed" : 1234,
"R" : 1000,
"nev" : 10,
"num_blas": 1,
"energy_path": "energyfile"
}
