E,r,q2
0.0117253705825,1,0.00607439104091
0.0117253705825,1,0.00607376461426
0.0117054571166,1,0.00567290343702
0.0117054571166,1,0.00567760486776
0.0117699594389,1,0.00755686150574
0.0117699594389,1,0.00755553796876
0.0117827225281,1,0.00582815344146
0.0117827225281,1,0.0058260867865
0.0116599984281,1,0.00562534726366
0.0116599984281,1,0.00563335802877
0.0118244995911,1,0.00694251702397
0.0118244995911,1,0.00695201469542
0.0116384921347,1,0.00596613794861
0.0116384921347,1,0.00597423817614
0.0118571242051,1,0.00593208614331
0.0118571242051,1,0.00593956191994
0.0116022807429,1,0.00625703481685
0.0116022807429,1,0.00625797616381
0.0118970290954,1,0.00700502009289
0.0118970290954,1,0.00701437060618
0.0115722358618,1,0.0061198262046
0.0115722358618,1,0.0061199207646
0.0115373891624,1,0.00668116130585
0.0115373891624,1,0.00668843351756
0.0119368442999,1,0.00575667639878
0.0117364306805,2,0.00609417994128
0.0117364306805,2,0.00609419401613
0.0117709427967,2,0.00573084707941
0.0117709427967,2,0.00573450879051
0.0117012336299,2,0.00568999919466
0.0117012336299,2,0.00568449651395
0.0117875459411,2,0.00603997176951
0.0117875459411,2,0.00605626580168
0.0116817460866,2,0.00679740584133
0.0116817460866,2,0.00682007924914
0.0118133902862,2,0.00590060759723
0.0118133902862,2,0.00591123929531
0.0116517877058,2,0.00622534142361
0.0116517877058,2,0.00623458117055
0.0118483187256,2,0.00683493461005
0.0118483187256,2,0.00683382509602
0.0116189870774,2,0.00595055711343
0.0116189870774,2,0.00594958673071
0.0116001790734,2,0.00618021928105
0.0116001790734,2,0.00617394200435
0.0118795542611,2,0.00581004796182
0.0118795542611,2,0.00582094069944
0.0119062327897,2,0.00581854137096
0.0119062327897,2,0.00580290023911
0.0115639522798,2,0.00616969132714
0.0117372968016,3,0.00654165801777
0.0117372968016,3,0.00654165270101
0.0117698079091,3,0.00685741952073
0.0117698079091,3,0.00685734832408
0.0116935985445,3,0.00774542260972
0.0116935985445,3,0.0077493426169
0.0117959620053,3,0.00594926620551
0.0117959620053,3,0.00594818528233
0.0118208916233,3,0.00631656326251
0.0118208916233,3,0.00632440711738
0.0118396787288,3,0.00686892817647
0.0118396787288,3,0.00684459200321
0.0116319799883,3,0.00637209604499
0.0116319799883,3,0.00637817115449
0.0116078875634,3,0.00721610648862
0.0116078875634,3,0.00721767230713
0.0118826704771,3,0.00684812549896
0.0118826704771,3,0.00684132256538
0.0115749368865,3,0.00725601680146
0.0115749368865,3,0.00726114559343
0.011917649134,3,0.00635172107304
0.011917649134,3,0.00634734624221
0.0115501282748,3,0.00600091500845
0.0115501282748,3,0.00599220335817
0.0115347970396,3,0.00683600791745
0.0117456531375,4,0.00630835361517
0.0117456531375,4,0.00630785984484
0.0117048153305,4,0.00690675896891
0.0117048153305,4,0.00690951678783
0.0117777032416,4,0.00594929504242
0.0117777032416,4,0.00595827456162
0.0116858583825,4,0.00615486410668
0.0116858583825,4,0.00616192440231
0.0116737372269,4,0.00636929737118
0.0116737372269,4,0.00640341222302
0.0118396962907,4,0.00594494005473
0.0118396962907,4,0.00593769229717
0.0116214754248,4,0.0059413017037
0.0116214754248,4,0.00594699066289
0.0118563435468,4,0.00630052654438
0.0118563435468,4,0.0063003514344
0.0118877455675,4,0.00709238234239
0.0118877455675,4,0.00710247214132
0.0115853664618,4,0.00623076363244
0.0115853664618,4,0.00623937232492
0.0115658889999,4,0.00739165566637
0.0115658889999,4,0.0073643522638
0.0119094323335,4,0.00669938648062
0.0119094323335,4,0.00670319371106
0.0115372148309,4,0.00629178474739
0.0117252691323,5,0.00633679614732
0.0117252691323,5,0.00633479608123
0.0117745214288,5,0.00627922478931
0.0117745214288,5,0.00627850495229
0.0116921749499,5,0.00632717391663
0.0116921749499,5,0.00632697292094
0.0117981547396,5,0.00607261038596
0.0117981547396,5,0.00607460661663
0.0116648244036,5,0.00590673890742
0.0116648244036,5,0.00590642272285
0.011822509532,5,0.00637496775567
0.011822509532,5,0.00638103608141
0.0116297382752,5,0.00630114810486
0.0116297382752,5,0.00630442272699
0.0118472475814,5,0.00680510485463
0.0118472475814,5,0.00677035136289
0.0118633946649,5,0.00690174679524
0.0118633946649,5,0.00688648096634
0.0118837654713,5,0.00656507410321
0.0118837654713,5,0.0065618399764
0.0115889136995,5,0.00642870701679
0.0115889136995,5,0.00642669270888
0.0115709491235,5,0.00676235395645
0.0115709491235,5,0.00674828584544
0.0115490107571,5,0.00615120400694
0.0117241856727,6,0.00635850010305
0.0117241856727,6,0.00635695593744
0.0117533143643,6,0.00616785467944
0.0117533143643,6,0.00616931633182
0.0117752634286,6,0.00569914130212
0.0117752634286,6,0.00569457343257
0.0116795269433,6,0.00600416733734
0.0116795269433,6,0.00600310979208
0.0118050625849,6,0.00615296483
0.0118050625849,6,0.00615287199757
0.0116467623413,6,0.00589911687076
0.0116467623413,6,0.00589305180219
0.0118494116062,6,0.00613515555246
0.0118494116062,6,0.00613624992137
0.011618382469,6,0.00610437427877
0.011618382469,6,0.00612304922287
0.0118727714952,6,0.00592827925917
0.0118727714952,6,0.0059322849956
0.0115859517294,6,0.00584849650476
0.0115859517294,6,0.00584244542873
0.0119059614407,6,0.00613842190689
0.0119059614407,6,0.00615114936522
0.0115541259156,6,0.00723751321476
0.0115541259156,6,0.00721615568342
0.0119300404707,6,0.00582847373856
0.0117426527771,7,0.00598064625704
0.0117426527771,7,0.0059809947822
0.0117161366699,7,0.0061335866817
0.0117161366699,7,0.00614339721477
0.0116940062542,7,0.00841033966525
0.0116940062542,7,0.00840245406353
0.011779836226,7,0.0059531725912
0.0117798362261,7,0.00594397810288
0.0118050261153,7,0.00622462449791
0.0118050261153,7,0.00622730986439
0.0118251726369,7,0.00603706869532
0.0118251726369,7,0.00605068134933
0.0116311849064,7,0.0060873083676
0.0116311849063,7,0.00609275305942
0.011871631329,7,0.0061541399185
0.011871631329,7,0.00613104662656
0.0116006983802,7,0.00587862699742
0.0116006983802,7,0.00590744191861
0.011889450583,7,0.0059153601792
0.011889450583,7,0.00592304953008
0.0115661991504,7,0.00682854579373
0.0115661991504,7,0.00682103621538
0.0115584474833,7,0.00632248700516
0.0115584474833,7,0.00631543595346
0.0119166024164,7,0.00627595519797
0.0117412255127,8,0.00659322374002
0.0117412255127,8,0.00659301806612
0.0117614165341,8,0.00621987957425
0.0117614165341,8,0.00622027780604
0.0117071834339,8,0.00647815735397
0.0117071834339,8,0.00647805683563
0.011793762103,8,0.00707973651913
0.011793762103,8,0.00705399944383
0.0116505064134,8,0.0066554417291
0.0116505064134,8,0.00662835726586
0.0116373754308,8,0.00656218612436
0.0116373754308,8,0.0065638013582
0.0118370233121,8,0.00670704939337
0.0118370233121,8,0.00670080386078
0.0118533429506,8,0.00676314492619
0.0118533429506,8,0.00678404034364
0.0115977521201,8,0.00608759347404
0.0115977521201,8,0.00608770266278
0.0118778293857,8,0.00637872545524
0.0118778293857,8,0.0063894953117
0.0119094915509,8,0.00614880831848
0.0119094915509,8,0.00615115449192
0.011555428148,8,0.00666836782658
0.011555428148,8,0.0066668908086
0.011544605016,8,0.00589920248392
0.0117512805131,9,0.005849942747
0.0117512805131,9,0.00584522366605
0.0117745793097,9,0.00655403220392
0.0117745793097,9,0.00655731255791
0.0116987431192,9,0.00651187247652
0.0116987431192,9,0.0065143492608
0.0118001248909,9,0.00641259938178
0.0118001248909,9,0.00641169201371
0.0116686545277,9,0.00592939938551
0.0116686545277,9,0.0059456630308
0.0118207361809,9,0.0065804345359
0.0118207361809,9,0.00657852128699
0.0116471482029,9,0.00754071565431
0.0116471482029,9,0.0075375428872
0.0118588162555,9,0.00623133588179
0.0118588162555,9,0.00624517487547
0.0116068809134,9,0.00682330110685
0.0116068809134,9,0.00683393747374
0.0118992155956,9,0.0064360506847
0.0118992155956,9,0.00643859028081
0.0115650455905,9,0.00574359831208
0.0115650455905,9,0.00575705706011
0.0119270749542,9,0.0061743148867
0.0119270749542,9,0.00617785699786
0.0115364662219,9,0.00632023514035
0.0117379259642,10,0.00647217808416
0.0117379259642,10,0.00647240477802
0.0117230884463,10,0.00712456639563
0.0117230884463,10,0.00712577353026
0.011765254918,10,0.00576478411726
0.011765254918,10,0.0057634300125
0.0116865887148,10,0.0060190277634
0.0116865887148,10,0.00601364785028
0.0117940087324,10,0.0066337090412
0.0117940087324,10,0.00661884286428
0.0116670567272,10,0.00600276202229
0.0116670567272,10,0.00600331854225
0.0118357716924,10,0.00621760690517
0.0118357716924,10,0.0062172864013
0.0116334657987,10,0.00594676316605
0.0116334657987,10,0.00595535263912
0.011857073838,10,0.00636598655307
0.011857073838,10,0.00635278275263
0.0116081808304,10,0.00634995439378
0.0116081808304,10,0.00634796713238
0.011879580681,10,0.00705689771925
0.011879580681,10,0.00705656920218
0.0115673981724,10,0.00578601593673
0.0115673981724,10,0.0057829075016
0.0119282813107,10,0.00634057360351
0.0117531523737,11,0.00634372296926
0.0117531523737,11,0.00633562056179
0.0117086291029,11,0.00636620212073
0.0117086291029,11,0.0063687227372
0.01177288063,11,0.00592968926388
0.01177288063,11,0.00592953635974
0.0116775500698,11,0.00666814387784
0.0116775500698,11,0.00665716187934
0.0118066568759,11,0.00624409428598
0.0118066568759,11,0.0062414786626
0.0118205188029,11,0.00640792352849
0.0118205188029,11,0.00640319544717
0.0116498629323,11,0.00806783764576
0.0116498629323,11,0.00807220864101
0.011632778646,11,0.00621678100602
0.011632778646,11,0.00625501945009
0.0118666216735,11,0.00679726677194
0.0118666216736,11,0.00679121882903
0.0115856903842,11,0.00682833442476
0.0115856903842,11,0.00681836519278
0.0118973050594,11,0.00736478602904
0.0118973050594,11,0.00730995421641
0.0115580778277,11,0.00596285396067
0.0115580778277,11,0.00595896990403
0.0119225767566,11,0.00609758596909
0.0117343357435,12,0.00627366707171
0.0117343357435,12,0.00627368162791
0.0116980614912,12,0.00605802402412
0.0116980614912,12,0.00605296360615
0.0117797183054,12,0.00553205130873
0.0117797183054,12,0.00552809281427
0.0116738576345,12,0.00609215235877
0.0116738576345,12,0.00611841211336
0.0118051333297,12,0.00610666149308
0.0118051333297,12,0.00608652350528
0.0118371935927,12,0.00605417595733
0.0118371935927,12,0.00605707299479
0.0116209930684,12,0.00668978967762
0.0116209930684,12,0.00665740894887
0.0118677412331,12,0.00622841580827
0.0118677412331,12,0.00620290572204
0.0115933208854,12,0.0064594802783
0.0115933208854,12,0.00644298803612
0.0118933576873,12,0.00671150400319
0.0118933576873,12,0.00673689591111
0.0115779388051,12,0.00634494797052
0.0115779388051,12,0.00634008955944
0.0115366453704,12,0.00620862162482
0.0115366453704,12,0.00621588557846
0.0119422500011,12,0.00698154802208
0.0117393822703,13,0.00649330705453
0.0117393822703,13,0.00649525486369
0.0117103522406,13,0.00632847697103
0.0117103522406,13,0.00632645028438
0.0116905749002,13,0.00637640277844
0.0116905749002,13,0.00633242183576
0.0117834063631,13,0.00628943786256
0.0117834063631,13,0.00629217628193
0.0118082237846,13,0.00700782781854
0.0118082237846,13,0.00700310838498
0.0116270741063,13,0.00719160355938
0.0116270741063,13,0.00720122016647
0.0118486137238,13,0.00586664762092
0.0118486137238,13,0.0058617452799
0.0116093366041,13,0.00649014624623
0.0116093366041,13,0.00647273395175
0.0118820143674,13,0.00623588971347
0.0118820143674,13,0.00623626135265
0.0115745918306,13,0.00635393425826
0.0115745918306,13,0.00638202984675
0.0119063303615,13,0.00586219691388
0.0119063303615,13,0.00587107993479
0.0115476860211,13,0.00638485803997
0.0115476860211,13,0.00636319600519
0.0119377962912,13,0.00597208516791
0.0117379090787,14,0.00640056552593
0.0117379090787,14,0.00640057496421
0.0117731242085,14,0.00703907550355
0.0117731242085,14,0.00704243077162
0.0116970632744,14,0.00666107840082
0.0116970632744,14,0.00665928787737
0.0116691203158,14,0.00586984617583
0.0116691203158,14,0.0058598223871
0.0118083435572,14,0.00704429675948
0.0118083435572,14,0.00702073154251
0.0118301760244,14,0.00648578970407
0.0118301760244,14,0.00647980894437
0.0116238255866,14,0.00586052977901
0.0116238255866,14,0.00584820597285
0.0118579037401,14,0.0068479061585
0.0118579037401,14,0.0068377519743
0.0116012875303,14,0.00632069259522
0.0116012875303,14,0.00632768426331
0.011573250014,14,0.0063537282999
0.011573250014,14,0.00633859586172
0.0119039120189,14,0.00585836473261
0.0119039120189,14,0.00585811110345
0.0119238938019,14,0.00649516953563
0.0119238938019,14,0.00649528105347
0.0115399429913,14,0.006468141023
0.0117380836914,15,0.00647935428815
0.0117380836914,15,0.00647933999512
0.0117015123824,15,0.00607387280029
0.0117015123824,15,0.00607343105049
0.0117902714724,15,0.00589107318432
0.0117902714724,15,0.00588916162693
0.0116695436325,15,0.00603900031598
0.0116695436325,15,0.00603015152259
0.011809148722,15,0.00574287437145
0.011809148722,15,0.00575591225954
0.0118266860162,15,0.00640606784781
0.0118266860162,15,0.00640163162089
0.0116384154948,15,0.00676006855451
0.0116384154948,15,0.00676868850757
0.0116071451327,15,0.00612150316225
0.0116071451327,15,0.00611852184163
0.0118666759173,15,0.00584971143934
0.0118666759173,15,0.00585118667751
0.0115784733574,15,0.00602765663111
0.0115784733574,15,0.00602898425085
0.011899867647,15,0.00646867221394
0.011899867647,15,0.0065125615298
0.0115612447708,15,0.00571352274587
0.0115612447708,15,0.00569706375669
0.0119266592628,15,0.00631750474401
0.0117339456667,16,0.00611113167271
0.0117339456667,16,0.00611100429401
0.0117013351159,16,0.00636246100376
0.0117013351159,16,0.00636900053072
0.0117789710425,16,0.00610748488879
0.0117789710425,16,0.00610417064059
0.0117985893436,16,0.00595919097717
0.0117985893436,16,0.00596902516462
0.0116654236198,16,0.00578982924592
0.0116654236198,16,0.00579351649656
0.0116421734765,16,0.00596538859637
0.0116421734765,16,0.00595940480093
0.0118343062483,16,0.00632806210051
0.0118343062483,16,0.00632592128884
0.0116150909759,16,0.00617803244792
0.0116150909759,16,0.00618091058901
0.0118648677929,16,0.00630884962243
0.0118648677929,16,0.00630386023746
0.0115854093547,16,0.00561748491217
0.0115854093547,16,0.00561195261019
0.0118960520018,16,0.00651025318731
0.0118960520018,16,0.00648036904915
0.0119178543783,16,0.00646379138003
0.0119178543783,16,0.00645862615002
0.0115431555278,16,0.0063273738354
0.0117292805129,17,0.00695411830299
0.0117292805129,17,0.00695414064849
0.0117614369024,17,0.00633030454646
0.0117614369024,17,0.0063309329072
0.0117810419622,17,0.00673917011734
0.0117810419622,17,0.00673965016442
0.0116808007821,17,0.00603363065286
0.0116808007821,17,0.0060334077032
0.0116608510487,17,0.00634872162139
0.0116608510487,17,0.00634925692662
0.0116466884401,17,0.00609593977695
0.0116466884401,17,0.0060972396879
0.0118274164712,17,0.00598227635927
0.0118274164712,17,0.00598571435573
0.0118614664567,17,0.00605103182151
0.0118614664567,17,0.00605566504729
0.0116033734508,17,0.00609466374018
0.0116033734508,17,0.0060935319734
0.0118801349438,17,0.00586427931278
0.0118801349438,17,0.00586180117384
0.0119149201694,17,0.00702351265726
0.0119149201694,17,0.00704424813751
0.0115542420853,17,0.00629348581151
0.0115542420853,17,0.00628535217356
0.0115349124013,17,0.00626265118586
0.0117387883297,18,0.00595057108689
0.0117387883297,18,0.00595047748042
0.011768547737,18,0.00604257390324
0.011768547737,18,0.00604404681316
0.01169406075,18,0.00598478538649
0.01169406075,18,0.0059813213958
0.0117908330798,18,0.00589177466778
0.0117908330798,18,0.00587947383776
0.0116732541618,18,0.00627129276728
0.0116732541618,18,0.00626363602735
0.011810357578,18,0.00708073737312
0.011810357578,18,0.00706868738723
0.0116425036754,18,0.0063821586353
0.0116425036754,18,0.00638419983037
0.0118361316244,18,0.00610447141813
0.0118361316244,18,0.00610057489563
0.0116110868022,18,0.00636031433682
0.0116110868022,18,0.00636540311566
0.0118732821179,18,0.00697139137257
0.0118732821179,18,0.00697623064697
0.0115773400789,18,0.00587217988837
0.0115773400789,18,0.00588395533916
0.0119122061563,18,0.00727364170369
0.0119122061563,18,0.00728152353949
0.0115530450397,18,0.00701309293018
0.0117443208369,19,0.00613805855929
0.0117443208369,19,0.00613486587938
0.0117000077372,19,0.00710416258111
0.0117000077372,19,0.00710230167789
0.0117836935509,19,0.00599083396277
0.0117836935509,19,0.00599594900655
0.0116852297512,19,0.00692536268366
0.0116852297512,19,0.00692751091491
0.0118123825836,19,0.00623535074351
0.0118123825836,19,0.0062374693929
0.0116611228508,19,0.00662668772533
0.0116611228508,19,0.0066240873144
0.01183897889,19,0.00635010003269
0.01183897889,19,0.00636174942095
0.0116181598593,19,0.0058987321003
0.0116181598593,19,0.00590737191692
0.0118687319562,19,0.00609482375059
0.0118687319562,19,0.00611524415395
0.0116001983734,19,0.00670177091685
0.0116001983734,19,0.00670089690484
0.011886456507,19,0.00651250099427
0.011886456507,19,0.00651049700106
0.0118989876837,19,0.0062234282782
0.0118989876837,19,0.00622101519357
0.0115746821845,19,0.00677645755839
0.0117474108024,20,0.00648306188151
0.0117474108024,20,0.00648278901185
0.0117152127091,20,0.00651506941761
0.0117152127091,20,0.00651508832049
0.0117612011365,20,0.00603851122131
0.0117612011365,20,0.00603809341223
0.0116791317178,20,0.0067645747115
0.0116791317178,20,0.00676577893504
0.0118094643753,20,0.00611902511475
0.0118094643753,20,0.00611918160846
0.0116377035295,20,0.00619227642066
0.0116377035295,20,0.00620221186295
0.0116344588475,20,0.00710860386093
0.0116344588475,20,0.00710885203466
0.0118445112561,20,0.00680791661433
0.0118445112561,20,0.00681177311201
0.0118635738327,20,0.00616322052278
0.0118635738327,20,0.00615496777185
0.0116047038505,20,0.00734540334045
0.0116047038505,20,0.00733850510845
0.0115862463315,20,0.00628234117707
0.0115862463315,20,0.00627980398333
0.0118969290416,20,0.00633980512751
0.0118969290416,20,0.00634241712845
0.0115529726555,20,0.00763650424987
0.0117509041592,21,0.00649994691158
0.0117509041592,21,0.00648854631942
0.0117121808144,21,0.00575396913592
0.0117121808144,21,0.00575448729457
0.0117642371634,21,0.00655624383723
0.0117642371634,21,0.00656060887984
0.0116780593727,21,0.00708385860918
0.0116780593727,21,0.00708268885966
0.0118030053317,21,0.00681174042807
0.0118030053317,21,0.00681575053038
0.0118342113941,21,0.00619121463949
0.0118342113941,21,0.00618358966073
0.0116241874331,21,0.00631067934975
0.0116241874331,21,0.00631222660497
0.0118694554912,21,0.00693591194781
0.0118694554912,21,0.00693616511837
0.0115937101632,21,0.00684158655861
0.0115937101632,21,0.0068365512504
0.0118931334641,21,0.00611858278139
0.0118931334641,21,0.00611420425095
0.0115633985601,21,0.00640418482466
0.0115633985601,21,0.00638759454104
0.0119269460378,21,0.00596478579243
0.0119269460378,21,0.00597736067144
0.0115362245854,21,0.00687576881063
0.011746993271,22,0.00618045311572
0.011746993271,22,0.00618695583212
0.0117687636716,22,0.00685819997555
0.0117687636716,22,0.00684279149766
0.0117037302543,22,0.00598148521354
0.0117037302543,22,0.00598598750516
0.0117995874599,22,0.00603249901039
0.0117995874599,22,0.00602805991033
0.0116575239841,22,0.0061780290521
0.0116575239841,22,0.00618510097085
0.011830662664,22,0.00582624901135
0.011830662664,22,0.00583049546994
0.0116375891159,22,0.00637566088339
0.0116375891159,22,0.00638424098077
0.0118618289893,22,0.00604418971192
0.0118618289893,22,0.00605457871446
0.0115927470628,22,0.00625352921921
0.0115927470628,22,0.0062542619481
0.011902608271,22,0.0064618381016
0.011902608271,22,0.00645184040265
0.0115683092125,22,0.00641065786495
0.0115683092125,22,0.00641931194814
0.0115535399911,22,0.00690799758187
0.0115535399911,22,0.00690624319176
0.0119290885715,22,0.00679362974285
0.0117287464118,23,0.00566788443055
0.0117287464118,23,0.0056679457949
0.0117492781465,23,0.00641200966741
0.0117492781465,23,0.00641198539261
0.0116991725563,23,0.00586773965765
0.0116991725563,23,0.00586753977458
0.011792727013,23,0.00611172608084
0.011792727013,23,0.00611254670922
0.0116629216435,23,0.00616079571051
0.0116629216435,23,0.00616092468833
0.0118259882088,23,0.00665837611333
0.0118259882088,23,0.00665768415485
0.011644964671,23,0.00622116322326
0.011644964671,23,0.00622191286982
0.0118453632313,23,0.00600437283011
0.0118453632313,23,0.00600422682803
0.0116128820264,23,0.00574105552719
0.0116128820264,23,0.00574064199126
0.0118706566324,23,0.00694706949708
0.0118706566324,23,0.00694649083886
0.0115834665163,23,0.00660867262559
0.0115834665163,23,0.0066108360082
0.0119067850216,23,0.00653783285385
0.0119067850216,23,0.00653613734655
0.011544191667,23,0.00629516022574
0.0117237635717,24,0.0065317055517
0.0117237635717,24,0.00653516229593
0.0117617056311,24,0.00685104859775
0.0117617056311,24,0.00685292581918
0.0117902202111,24,0.00594573115038
0.0117902202111,24,0.00594585250313
0.0116834111081,24,0.00593022496902
0.0116834111081,24,0.00592664941507
0.011665216583,24,0.00607333953582
0.011665216583,24,0.00606950628456
0.0118142956488,24,0.0058978400899
0.0118142956488,24,0.00589354921821
0.01163077789,24,0.00616778845534
0.01163077789,24,0.00616684853944
0.0118664551381,24,0.00566320684238
0.0118664551381,24,0.00566411047207
0.0116010613249,24,0.00635926882576
0.0116010613249,24,0.00635144045206
0.0118862946472,24,0.0071783788476
0.0118862946472,24,0.00715237910283
0.0115813243497,24,0.00580490852727
0.0115813243497,24,0.00580514750507
0.0115218864132,24,0.00598234079616
0.0115218864132,24,0.00598806562875
0.0119619658305,24,0.00642007896904
0.0117369709908,25,0.00724256763632
0.0117369709908,25,0.00724255793274
0.0117573784456,25,0.00626319626478
0.0117573784456,25,0.00626115162885
0.011708601458,25,0.00632812441828
0.0117086014579,25,0.00632013659018
0.0117919941262,25,0.00725388245535
0.0117919941262,25,0.00722610330717
0.0116732854569,25,0.00598613201886
0.0116732854569,25,0.0059819632541
0.0118275367876,25,0.00664800974801
0.0118275367876,25,0.00663981422678
0.0116445986484,25,0.00671752829211
0.0116445986484,25,0.00673094576659
0.0118393481779,25,0.00632478691275
0.0118393481779,25,0.00633953397189
0.0118633345019,25,0.00582355529269
0.0118633345019,25,0.00582265565642
0.0116058234908,25,0.00636631785552
0.0116058234908,25,0.00637030392336
0.0115893888918,25,0.00581744429455
0.0115893888918,25,0.00581847365926
0.0115582856347,25,0.00580919511423
0.0115582856347,25,0.00580681368677
0.0119184108325,25,0.00698029338219
0.0117259935333,26,0.00679703998929
0.0117259935333,26,0.00679633756265
0.0117599802889,26,0.00627786695824
0.0117599802889,26,0.00628132046536
0.0116954335913,26,0.00592556058177
0.0116954335913,26,0.00592655274141
0.0117823842729,26,0.00658869968488
0.0117823842729,26,0.0065908409216
0.0116652373156,26,0.00668105312195
0.0116652373156,26,0.0066951489116
0.0118216000536,26,0.00682252212472
0.0118216000536,26,0.00681888364717
0.0116399672125,26,0.00590718176944
0.0116399672125,26,0.00590679220226
0.0118528953493,26,0.00631399122049
0.0118528953493,26,0.00634875018958
0.0116051288455,26,0.00639970169038
0.0116051288454,26,0.00640010524273
0.0118899464622,26,0.00598183352991
0.0118899464622,26,0.00598696075759
0.011558553526,26,0.00731125783829
0.011558553526,26,0.00730660037767
0.0119293668519,26,0.0060320275444
0.0119293668519,26,0.00603526976215
0.0115331580155,26,0.00715449782705
0.0117551239269,27,0.00613144780154
0.0117551239269,27,0.00613125434354
0.0117103259848,27,0.00604368395469
0.0117103259848,27,0.00604412463802
0.0117903264103,27,0.0064690118354
0.0117903264103,27,0.00646650307026
0.0116819830095,27,0.00567037762218
0.0116819830095,27,0.00566658036562
0.0116531280235,27,0.00613245321902
0.0116531280235,27,0.00613341126725
0.0118267554549,27,0.00580307077024
0.0118267554549,27,0.00579988407511
0.0116370075646,27,0.00601848232585
0.0116370075646,27,0.0060143705642
0.0118452162751,27,0.00593728322585
0.0118452162751,27,0.00593641727028
0.0118589144096,27,0.00605904490583
0.0118589144096,27,0.00606495798321
0.0115990278929,27,0.00610844430909
0.0115990278929,27,0.00608316522976
0.0118924428699,27,0.00584593210033
0.0118924428699,27,0.00585185450328
0.0115583116707,27,0.00573538068574
0.0115583116707,27,0.00572785159705
0.0119317417637,27,0.0063895049836
0.0117219171225,28,0.00616567464015
0.0117219171225,28,0.00616530541839
0.0117518884237,28,0.0064201931011
0.0117518884237,28,0.00642054874731
0.0117669173002,28,0.00655015810219
0.0117669173002,28,0.00655009522779
0.0116985590256,28,0.00568125198512
0.0116985590256,28,0.00568114603185
0.0118011137108,28,0.00636340823251
0.0118011137108,28,0.00636805900631
0.011665827327,28,0.00599735740921
0.011665827327,28,0.0059995636093
0.0118313012128,28,0.0058930628034
0.0118313012128,28,0.00589425683767
0.0116268440822,28,0.00630741479415
0.0116268440822,28,0.00630839830957
0.0118494883219,28,0.00630179892596
0.0118494883219,28,0.00633182728547
0.0116000299065,28,0.00656596220014
0.0116000299065,28,0.00656668338393
0.0118901082886,28,0.0059198708352
0.0118901082886,28,0.00590916897107
0.0115743679662,28,0.00617059190476
0.0115743679662,28,0.00614639821851
0.0119185208687,28,0.00810278957865
0.0117367076823,29,0.00591896947628
0.0117367076823,29,0.0059189658889
0.0117604825589,29,0.00618915453375
0.0117604825589,29,0.00619778236585
0.0116929051959,29,0.00634548446667
0.0116929051959,29,0.00631725175506
0.0117841531444,29,0.00594122803266
0.0117841531444,29,0.00595062976247
0.0116689758895,29,0.00634685871669
0.0116689758895,29,0.00634089664606
0.0118216058562,29,0.00639928654429
0.0118216058562,29,0.00640222076902
0.0116435437851,29,0.00703730288611
0.0116435437851,29,0.00705870917
0.0116130616808,29,0.00633947901834
0.0116130616808,29,0.0063217406214
0.0118699726147,29,0.00599126727304
0.0118699726147,29,0.00596314196403
0.0118905620465,29,0.006549182377
0.0118905620465,29,0.00654915921229
0.011572664288,29,0.00750905524438
0.011572664288,29,0.0075547633225
0.0115642283777,29,0.00602700715769
0.0115642283777,29,0.00603563901109
0.0119273139966,29,0.00640225447751
0.0117222091649,30,0.0062684069092
0.0117222091649,30,0.00626749442521
0.0117577765483,30,0.00606557256213
0.0117577765483,30,0.00606555281032
0.01170797881,30,0.00605532064043
0.01170797881,30,0.00605558088121
0.0117824076128,30,0.00652776780824
0.0117824076128,30,0.0065273600294
0.0116637449556,30,0.00674408083718
0.0116637449556,30,0.00673840321909
0.0118150633023,30,0.00632509513716
0.0118150633023,30,0.00632317761382
0.0118389790508,30,0.00655500073347
0.0118389790508,30,0.00654759087883
0.0116060934749,30,0.00720938246519
0.0116060934749,30,0.00724018727091
0.011868026771,30,0.00722707384081
0.011868026771,30,0.00722238994844
0.0115813874526,30,0.00621756979894
0.0115813874526,30,0.00623103664615
0.0115507763769,30,0.00612752023563
0.0115507763769,30,0.00613798607163
0.0119230547003,30,0.0070161935457
0.0119230547003,30,0.00703246089021
0.0119413181092,30,0.00629620868781
0.0117335155112,31,0.00609567159265
0.0117335155112,31,0.00609571361641
0.0117695412469,31,0.00676741770658
0.0117695412469,31,0.00676546759187
0.0116955520397,31,0.00613015491512
0.0116955520397,31,0.00613977543979
0.0117917626132,31,0.00600570524093
0.0117917626132,31,0.00599306523441
0.0116752826393,31,0.00689264621751
0.0116752826393,31,0.00687141764037
0.0118271823391,31,0.00589102300111
0.0118271823391,31,0.00585550228661
0.0118487700731,31,0.00584413212184
0.0118487700731,31,0.00583769159367
0.0116203692122,31,0.00619861135753
0.0116203692122,31,0.00617325682215
0.0115921659788,31,0.00646782225879
0.0115921659788,31,0.0064746475118
0.0115725471779,31,0.00609054158052
0.0115725471779,31,0.00608518078413
0.0119012888157,31,0.00609804010057
0.0119012888157,31,0.00610478574206
0.0115490958862,31,0.00619623101936
0.0115490958862,31,0.00619488855385
0.0119358034192,31,0.00619313624089
0.0117328982453,32,0.00603239681654
0.0117328982453,32,0.00603281153806
0.0117740888828,32,0.00602289609309
0.0117740888828,32,0.00602089155085
0.0116908912294,32,0.00582974399562
0.0116908912294,32,0.00583085928949
0.0116694633148,32,0.00620451980204
0.0116694633148,32,0.00617772549824
0.0118106223137,32,0.00586908089672
0.0118106223137,32,0.00586249264318
0.0118357637981,32,0.00617158332538
0.0118357637981,32,0.00616184149127
0.01163598386,32,0.00842228219023
0.01163598386,32,0.00837217807812
0.0118599701945,32,0.00659907791875
0.0118599701945,32,0.00658829365993
0.011603893917,32,0.00594821066628
0.011603893917,32,0.00594387945521
0.0119091052075,32,0.00588154736626
0.0119091052075,32,0.00588736801571
0.0115637864507,32,0.00666783347497
0.0115637864507,32,0.0066605067609
0.0119377893809,32,0.0062157767468
0.0119377893809,32,0.00621697637849
0.0115315678949,32,0.00664252144674
0.011749445551,33,0.00623773221193
0.011749445551,33,0.00623712801759
0.0117150356873,33,0.00623964890363
0.0117150356873,33,0.00626277246334
0.0117918649361,33,0.00623014460722
0.0117918649361,33,0.00623103942193
0.0116737326017,33,0.00723581233663
0.0116737326017,33,0.00724490962259
0.0116546850719,33,0.00664207282732
0.0116546850719,33,0.00664903971804
0.0118300465267,33,0.0062789965433
0.0118300465267,33,0.00625386686569
0.0116181457819,33,0.00577567707425
0.0116181457819,33,0.00576179482199
0.011867190421,33,0.00610078196966
0.011867190421,33,0.00611203105965
0.0118752343964,33,0.00578086926322
0.0118752343964,33,0.00578576270354
0.0115934682864,33,0.00671686475961
0.0115934682864,33,0.00672582225956
0.011909712629,33,0.00615810065013
0.011909712629,33,0.00616800919762
0.0115564970727,33,0.00864421272277
0.0115564970727,33,0.00862622053534
0.0119450848584,33,0.00582158883619
0.0117538612119,34,0.00605423089123
0.0117538612119,34,0.00605416301213
0.0117095787105,34,0.00594222558706
0.0117095787105,34,0.00594220740614
0.0117748118913,34,0.00644345442635
0.0117748118913,34,0.00644324514554
0.0116859160655,34,0.0065146994569
0.0116859160655,34,0.00651440506945
0.0116507037784,34,0.00629478372292
0.0116507037784,34,0.00629430170895
0.0118231299364,34,0.00615917348047
0.0118231299364,34,0.00615920496561
0.0116282754463,34,0.00620306029648
0.0116282754463,34,0.00620314631671
0.0118586537221,34,0.00640065730533
0.0118586537221,34,0.00639985697685
0.0115926884801,34,0.00630166802874
0.0115926884801,34,0.00630010775866
0.0118941475901,34,0.00635727011708
0.0118941475901,34,0.00635667730641
0.0115757707618,34,0.00605396743548
0.0115757707618,34,0.00605269820233
0.0119148111058,34,0.00576877438577
0.0119148111058,34,0.00576870966586
0.0115406258908,34,0.00640687540759
0.0117473149791,35,0.00684247767678
0.0117473149791,35,0.00684260176535
0.0117189456306,35,0.00683484325086
0.0117189456306,35,0.00685163967281
0.011778689103,35,0.00654521475576
0.011778689103,35,0.0065491964883
0.011694415426,35,0.00703280281946
0.011694415426,35,0.00703502445501
0.0116842764905,35,0.00600229446741
0.0116842764905,35,0.0059999538777
0.0118083257346,35,0.00654055072363
0.0118083257346,35,0.00654174323205
0.0116489735565,35,0.00607349802648
0.0116489735565,35,0.00608634441717
0.0118361251384,35,0.0063928239564
0.0118361251384,35,0.00639233734066
0.0116200803567,35,0.00687762791665
0.0116200803567,35,0.00687582921888
0.0118687991351,35,0.00639068633526
0.0118687991351,35,0.00640628149967
0.0115797287878,35,0.00622142087309
0.0115797287878,35,0.00622776463319
0.0115567355052,35,0.00692366444332
0.0115567355052,35,0.00695087516194
0.0119189018355,35,0.00615014155964
0.0117416369942,36,0.00671305487506
0.0117416369942,36,0.00671420119894
0.011710105334,36,0.0071340690792
0.011710105334,36,0.00713453762112
0.0117729320009,36,0.00635645615929
0.0117729320009,36,0.0063573827279
0.0116913434209,36,0.00617583672789
0.0116913434209,36,0.00617461585185
0.0118013779703,36,0.00650046821564
0.0118013779703,36,0.00649096989035
0.0116451562251,36,0.00659527278375
0.0116451562251,36,0.00658930532737
0.0118314864604,36,0.00584731567003
0.0118314864604,36,0.00585417283649
0.011629267154,36,0.00600515352145
0.011629267154,36,0.00601092784962
0.0118537199443,36,0.00641036333872
0.0118537199443,36,0.00641854731094
0.0115833804715,36,0.00611931387943
0.0115833804715,36,0.00612767664448
0.0118971565843,36,0.00617335838551
0.0118971565843,36,0.00617995148026
0.0115503550884,36,0.007200699942
0.0115503550884,36,0.00719574192207
0.0119535954423,36,0.00583014624552
0.0117284577287,37,0.00627638995694
0.0117284577287,37,0.00627676207684
0.0117644224737,37,0.00587752457295
0.0117644224737,37,0.00587642270695
0.0116777357765,37,0.00649324092197
0.0116777357765,37,0.00648776936186
0.0118021334091,37,0.00677551431086
0.0118021334091,37,0.00677709739619
0.011654480571,37,0.00606039943922
0.011654480571,37,0.00606159384276
0.0118193528222,37,0.00580482843441
0.0118193528222,37,0.00580724142385
0.0118493698077,37,0.0060387548016
0.0118493698077,37,0.00603864085325
0.011618932918,37,0.00689775439259
0.011618932918,37,0.00689902124173
0.0118702380256,37,0.00604666927817
0.0118702380256,37,0.0060449989281
0.0115820538679,37,0.00602217329576
0.0115820538679,37,0.00603052515094
0.0119154090706,37,0.00607511739938
0.0119154090706,37,0.00607511004206
0.0115556684147,37,0.00673945291006
0.0115556684147,37,0.00674151345815
0.0119365944752,37,0.00591450555977
0.0117462430169,38,0.0067292197196
0.0117462430169,38,0.00673017137501
0.0117135275011,38,0.00648024729189
0.0117135275011,38,0.00648326231948
0.0117044298116,38,0.00649229686563
0.0117044298116,38,0.00650041190843
0.0117733181366,38,0.00600430159421
0.0117733181366,38,0.00600360877306
0.0117971525834,38,0.00604740726533
0.0117971525834,38,0.00605148700224
0.0116727923335,38,0.00577628976134
0.0116727923335,38,0.00577396432003
0.0116497912175,38,0.00650638419011
0.0116497912175,38,0.00653059634734
0.0118378760361,38,0.00719194607504
0.0118378760361,38,0.00719180051493
0.0118556350876,38,0.00677454337934
0.0118556350876,38,0.00676358053223
0.0118888278883,38,0.00618891525775
0.0118888278883,38,0.00619509161003
0.0115848152097,38,0.0060496820296
0.0115848152097,38,0.00604913594791
0.011568118331,38,0.00580560243808
0.011568118331,38,0.00579883587633
0.0119312270214,38,0.00642704075954
0.0117125148921,39,0.00599702006269
0.0117125148921,39,0.00599547974031
0.0117629061692,39,0.0059754123429
0.0117629061692,39,0.00597555782794
0.0117860417228,39,0.00661290091525
0.0117860417228,39,0.0066123556446
0.0116726686193,39,0.00687160880968
0.0116726686193,39,0.00687519184289
0.0116532991565,39,0.00601165237253
0.0116532991565,39,0.00599528466178
0.0118238789985,39,0.00613260571893
0.0118238789985,39,0.0061433042997
0.0116236256159,39,0.00658984754316
0.0116236256159,39,0.00658087554663
0.0118536695145,39,0.00601525446936
0.0118536695145,39,0.00601635197566
0.0116030510996,39,0.00607675131576
0.0116030510996,39,0.00606931666018
0.0115793637829,39,0.00646689148534
0.0115793637829,39,0.00644744997232
0.0118966930609,39,0.00664399714407
0.0118966930609,39,0.00664422024793
0.0115574883689,39,0.006650379316
0.0115574883689,39,0.00665550516134
0.0119336975856,39,0.00648153756975
0.0117292126697,40,0.00661023060455
0.0117292126697,40,0.0066101237992
0.0117731882549,40,0.00661912188705
0.0117731882549,40,0.00661860405755
0.0116980241922,40,0.00647994202347
0.0116980241922,40,0.00647506610221
0.0116691118519,40,0.00742628914478
0.0116691118519,40,0.00741783920177
0.0118053425823,40,0.00623862516378
0.0118053425823,40,0.00622176391008
0.0116402433514,40,0.006836879755
0.0116402433514,40,0.00683171607243
0.0118369035277,40,0.0064513072435
0.0118369035277,40,0.0064401283545
0.0116047311605,40,0.00606035832333
0.0116047311605,40,0.0060732570354
0.0118698725128,40,0.00572350417636
0.0118698725128,40,0.00570918138875
0.0118900285515,40,0.00629558359916
0.0118900285515,40,0.00628311989485
0.0115795302088,40,0.00603384773954
0.0115795302088,40,0.0060301493128
0.0115512441191,40,0.0058591572831
0.0115512441191,40,0.00586407973396
0.0119309584972,40,0.00613099419593
0.0117360999307,41,0.00643641025866
0.0117360999307,41,0.00643641370118
0.011716343776,41,0.00698399964848
0.011716343776,41,0.00698387160298
0.0116936539754,41,0.00604406380168
0.0116936539754,41,0.00604473933138
0.011799840007,41,0.00682594634198
0.011799840007,41,0.00681962159066
0.0116529396221,41,0.00606348513201
0.0116529396221,41,0.00606324484982
0.0118221441025,41,0.00623122373738
0.0118221441025,41,0.00622999201503
0.0118406441057,41,0.00605645299008
0.0118406441057,41,0.00606340990337
0.011613508366,41,0.00637264076817
0.011613508366,41,0.00635915971052
0.0118709408251,41,0.00585302863288
0.0118709408251,41,0.00586527794773
0.0118869495262,41,0.00596823592022
0.0118869495262,41,0.00596828530098
0.0115761806507,41,0.00605383116236
0.0115761806507,41,0.00602484395126
0.0115607413747,41,0.007343732045
0.0115607413747,41,0.00733234464796
0.011917892435,41,0.00613462707855
